
$orca_hessian_file

$act_atom
  0

$act_coord
  0

$act_energy
        0.000000

$multiplicity
  1

$hessian
48
                    0                  1                  2                  3                  4        
    0      2.1958478795E-01  -1.2451263083E-02   3.5851654135E-02  -3.2504995051E-04   3.8286014617E-03
    1     -1.2451263083E-02   1.3398200701E-01   6.7407862568E-03   5.2550341641E-04   1.7015149802E-04
    2      3.5851654135E-02   6.7407862568E-03   1.1266237601E-01  -1.2655113587E-03  -1.2003885410E-02
    3     -3.2504995051E-04   5.2550341641E-04  -1.2655113587E-03   2.2745378426E-01  -2.6954461340E-02
    4      3.8286014617E-03   1.7015149802E-04  -1.2003885410E-02  -2.6954461340E-02   1.0499601760E-01
    5      2.8489769753E-03  -3.1289167046E-03  -1.0354565033E-02   9.5693130507E-03  -8.4839766555E-03
    6     -3.5700911195E-04  -2.5953645189E-04  -7.2329126730E-05  -1.5075431900E-02  -1.4126332135E-02
    7     -1.4708203279E-03  -6.1891055998E-04   5.5749128456E-03  -1.1060186565E-02  -3.7934534974E-02
    8      3.6202874758E-04   1.0142681502E-03  -1.7228296427E-03   7.2143817008E-03   1.5422003403E-02
    9     -6.4962421395E-04   2.5209844016E-04   8.3102085959E-04  -8.5319160880E-02   2.5505832041E-02
   10     -1.0614746388E-03  -1.9830407376E-04   2.1469959344E-03   2.5873462858E-02  -2.1140788206E-02
   11     -1.2998012220E-03   1.1670742367E-03   2.5257689902E-03  -4.8343639000E-02   1.7368261117E-02
   12     -1.0907902470E-02   4.7310403267E-03   1.0578411813E-02  -8.3940689650E-03  -2.8249057171E-04
   13      3.7543694449E-03  -1.5267293333E-02  -1.4126768203E-02   7.8260246705E-04  -2.3654009993E-02
   14      9.6763588512E-03  -1.6782240532E-02  -4.5069824172E-02   1.1793609529E-03  -2.1743156071E-02
   15     -9.7725334164E-02   4.7260966717E-02  -1.1160177918E-02  -5.7406000832E-04  -1.1233743720E-03
   16      4.7097394122E-02  -4.0056738733E-02   5.4241591034E-03   5.0629682134E-05   2.8946968002E-05
   17     -1.1591455488E-02   5.7216140844E-03  -1.4018140055E-02   6.8329033655E-04   2.2853270255E-03
   18     -1.3521190901E-02  -1.4499168289E-02   5.4750178011E-03  -3.6272846332E-04  -1.2609005225E-04
   19     -1.1291799781E-02  -4.8579144169E-02   1.4801611893E-02  -3.3325600804E-04  -4.6002177998E-03
   20      3.2572675825E-03   1.6209770105E-02  -1.4896353879E-02   4.6654996325E-05   3.1916782741E-03
   21     -9.0301788311E-05  -3.4407646747E-04  -6.9042188748E-04  -1.1813888891E-01   1.2119046092E-02
   22     -3.7583730066E-04  -1.4637414923E-04   2.7300551999E-03   1.2577456292E-02  -1.3811651245E-02
   23     -3.4231271522E-04   9.6519527213E-04   2.5842963915E-03   3.0493004683E-02  -3.2859081610E-03
   24      6.8651687966E-04   1.1978866027E-03   1.2104452756E-05   4.5391572112E-03   3.9225108588E-03
   25      5.8246897399E-04  -1.9612837528E-03  -3.7423843216E-03  -2.6550971048E-03  -1.1794773356E-02
   26     -2.1116278541E-03  -3.4804395025E-03   7.7786962899E-03   1.3862818147E-03   1.2941320166E-02
   27     -8.3316750244E-04  -9.7165437552E-04   9.1456852075E-04  -7.4065618857E-04   3.3675761463E-06
   28      8.5367905554E-04   2.5024951309E-03  -3.1649740024E-03   1.1505284162E-04  -1.4479610693E-03
   29      6.7764909549E-04   1.6527115484E-03  -4.0061139743E-03  -5.5647367017E-04  -5.7821751091E-03
   30     -1.8474082757E-04  -8.8386041823E-05   2.5112920201E-05  -1.0277889841E-03  -5.6771922803E-04
   31     -1.7944878804E-04   3.9620065692E-04   5.6421702811E-04   8.0976039339E-04   2.6038626914E-03
   32      4.1129428509E-04   7.1839827979E-04  -1.6771183296E-03  -5.3798453870E-04  -2.2309592746E-03
   33     -9.6465900695E-02  -2.7841740166E-02  -3.9262023322E-02  -1.8952410656E-04  -1.8092750241E-04
   34     -2.7032736065E-02  -2.2908152377E-02  -1.3025348588E-02  -2.2069719773E-04   3.7763579213E-05
   35     -3.9387072274E-02  -1.3470779342E-02  -3.1361129635E-02  -4.3058994315E-04   2.8447057060E-03
   36      3.5699775135E-03   5.3192034257E-03  -2.0065097838E-03   5.6145593011E-04  -8.1885344106E-04
   37     -3.1216371283E-03  -1.1738358537E-02   1.1284425355E-02   5.2597780446E-04   8.0744736225E-03
   38      1.9906957556E-03   5.2127122414E-03  -9.3928824450E-04   1.0161904712E-03   2.8370418103E-03
   39     -8.0794328439E-04  -7.2690315540E-04   3.1369910996E-05  -1.6938912513E-04   1.6273789735E-04
   40      7.1805210555E-04   2.7336798571E-03  -1.8524325859E-03  -1.1899334805E-04  -1.6553475914E-03
   41     -3.7434140097E-04  -1.9855512987E-03   1.9595811176E-04  -9.4816487473E-05  -5.7680478551E-04
   42     -1.7087326226E-03  -1.6319661925E-03   7.7439076537E-04  -2.7544832737E-04   1.1414462711E-04
   43      5.3986677088E-04   1.1234339142E-03  -2.1042380586E-03  -2.4461440118E-04  -1.5426242234E-03
   44     -3.4662974567E-04  -1.2810800144E-03  -2.1962057627E-04  -5.6803929199E-05  -6.2604265595E-04
   45     -2.6438481597E-04  -4.8321567824E-04  -3.7321807187E-05  -1.9622015936E-03  -1.4909654266E-03
   46     -3.7820385052E-04   5.6659161441E-04   7.6551482202E-04   3.4183372365E-04   1.6706925010E-03
   47      3.7795929703E-04   7.1382995113E-04  -1.4821122565E-03  -2.9473711501E-04  -2.1688645372E-03
                    5                  6                  7                  8                  9        
    0      2.8489769753E-03  -3.5700911195E-04  -1.4708203279E-03   3.6202874758E-04  -6.4962421395E-04
    1     -3.1289167046E-03  -2.5953645189E-04  -6.1891055998E-04   1.0142681502E-03   2.5209844016E-04
    2     -1.0354565033E-02  -7.2329126730E-05   5.5749128456E-03  -1.7228296427E-03   8.3102085959E-04
    3      9.5693130507E-03  -1.5075431900E-02  -1.1060186565E-02   7.2143817008E-03  -8.5319160880E-02
    4     -8.4839766555E-03  -1.4126332135E-02  -3.7934534974E-02   1.5422003403E-02   2.5505832041E-02
    5      1.3808311999E-01   8.5084421682E-03   1.7782814276E-02  -1.8334038500E-02  -4.8578396117E-02
    6      8.5084421682E-03   3.3244914078E-02  -4.9743569863E-03   5.6954987708E-03   1.7058676238E-03
    7      1.7782814276E-02  -4.9743569863E-03   9.0230007807E-02  -4.5769793653E-02  -6.3134802321E-04
    8     -1.8334038500E-02   5.6954987708E-03  -4.5769793653E-02   4.0821306180E-02   2.8068987928E-04
    9     -4.8578396117E-02   1.7058676238E-03  -6.3134802321E-04   2.8068987928E-04   8.5846992071E-02
   10      1.7727209330E-02   3.1572503869E-03  -3.7489286718E-03   4.8837004261E-03  -2.7150398127E-02
   11     -4.6573227513E-02  -2.0897662689E-03   2.9929909074E-03  -1.1672486022E-03   5.2610937892E-02
   12     -1.9509887286E-04   7.9860801352E-04  -8.8555824796E-04  -6.2208313063E-04   1.0068298319E-03
   13     -2.4335313375E-02   2.7965527003E-05  -5.8735549736E-03  -1.8855017153E-03  -7.1669402143E-05
   14     -4.4404072695E-02  -1.7144707760E-04  -2.6335045679E-03   1.9613577491E-03  -1.4262012339E-03
   15     -1.4124251368E-03   7.4418542913E-05   3.1298879136E-04  -2.0694429362E-05   2.2891893794E-04
   16      1.2759467071E-03   4.6527834296E-05   1.8339086122E-05  -2.4746945604E-04  -1.8204369412E-05
   17      2.1265503936E-03   2.4346638718E-05  -1.0586736400E-03   3.6980854453E-04  -6.6843891732E-05
   18     -7.3075222460E-05   2.3784930972E-04  -1.8324762149E-04   5.3480991834E-05   9.4182624781E-05
   19     -1.6968876611E-03  -2.2823775851E-05   2.1188309772E-03  -1.3179017773E-03   3.0863091763E-05
   20      2.2811220176E-03   2.1287497920E-04  -1.2782956916E-03   4.2096249849E-04  -6.7569402349E-05
   21      3.0931838567E-02  -6.0545437227E-04  -1.3518633553E-03   1.6296347823E-03  -2.9369087632E-03
   22     -3.5188975283E-03  -4.0460265379E-03  -9.5912759258E-04   3.4923452408E-03   1.9968682668E-03
   23     -2.2102694902E-02   2.1363492455E-03   1.1556563253E-03  -8.2626993886E-05  -3.5602577205E-03
   24     -2.7175859747E-03  -2.1359718516E-02   1.5830368487E-02  -1.1311378887E-02  -7.3976384981E-04
   25      4.3242679952E-03   1.8164392545E-02  -3.6031896493E-02   1.8144008045E-02   1.7367495425E-04
   26     -1.1862127624E-03  -1.2791198279E-02   1.6251913355E-02  -1.9454476417E-02   1.6369209437E-04
   27      2.9757219678E-04   1.1938733686E-03   8.1937070939E-05  -1.3183470448E-03   1.3667279574E-04
   28     -7.9066834298E-04  -6.9663457587E-04   1.1158560818E-03   1.8228612947E-03  -2.9773979426E-05
   29     -2.5476745951E-04   1.0944036379E-03   3.1997843222E-03  -5.2313020948E-03   6.9362156726E-05
   30      5.1955333064E-04   1.9475000436E-03   2.3335260309E-03  -3.4617621641E-04   1.8188352850E-04
   31     -1.6125784806E-03  -1.4772504942E-03  -5.4686470983E-03   7.6816446025E-04  -6.6616942419E-05
   32      3.3051335928E-04   7.5289611004E-04   4.0584493017E-03   9.4805067971E-04   3.4974698115E-05
   33      5.9418912941E-05   1.0186245467E-04   1.4507909866E-04  -1.1178061519E-04   1.5696547044E-04
   34      1.1481180211E-03  -3.6741934122E-08   5.0437395622E-05  -2.9345506154E-04  -3.8260749698E-05
   35      2.4962234624E-03   8.7564632038E-06  -1.1199322625E-03   2.9143255560E-04  -7.7690235856E-05
   36     -8.7946348353E-04  -7.0579605577E-04   5.9528747990E-04   1.5164297211E-04  -1.7728768860E-04
   37      3.3291918902E-03  -1.3608327046E-05  -4.5453089191E-03   3.3450993875E-03  -1.0593054969E-04
   38     -2.3535611234E-03  -2.7044944410E-04  -1.5251195628E-03   1.9105538828E-03  -5.5884620994E-05
   39      1.7162356638E-05   1.4790177630E-04  -7.6656722194E-05  -4.6287236125E-05   5.0003338884E-05
   40     -6.6892656716E-04   2.1796628796E-05   8.4355719462E-04  -5.9449162996E-04   1.8281184962E-05
   41      4.2508629943E-04   1.1656853062E-04   2.7746477419E-04  -5.5853569929E-04   8.5577354163E-06
   42      2.9060553344E-04   2.2918712040E-04  -8.4450012341E-05  -1.5590217711E-04   5.5886158010E-05
   43     -6.6734069670E-04  -6.8522206373E-05   9.4456282613E-04  -6.5818764219E-04   3.1051969310E-05
   44      6.0476445394E-04  -4.8054371285E-05   4.2538353453E-04  -4.2380309080E-04  -3.9109582710E-05
   45      8.0523975156E-04  -1.5785723757E-03   1.4260530498E-03  -1.4533547066E-03   3.5854301436E-04
   46     -6.7260704997E-04   4.2604431638E-03  -1.4068208619E-04   1.8841958076E-03   9.3620499939E-05
   47     -7.8423998530E-04  -3.1082453773E-03   1.6561044552E-03   2.5138895012E-04  -1.3901984141E-04
                   10                 11                 12                 13                 14        
    0     -1.0614746388E-03  -1.2998012220E-03  -1.0907902470E-02   3.7543694449E-03   9.6763588512E-03
    1     -1.9830407376E-04   1.1670742367E-03   4.7310403267E-03  -1.5267293333E-02  -1.6782240532E-02
    2      2.1469959344E-03   2.5257689902E-03   1.0578411813E-02  -1.4126768203E-02  -4.5069824172E-02
    3      2.5873462858E-02  -4.8343639000E-02  -8.3940689650E-03   7.8260246705E-04   1.1793609529E-03
    4     -2.1140788206E-02   1.7368261117E-02  -2.8249057171E-04  -2.3654009993E-02  -2.1743156071E-02
    5      1.7727209330E-02  -4.6573227513E-02  -1.9509887286E-04  -2.4335313375E-02  -4.4404072695E-02
    6      3.1572503869E-03  -2.0897662689E-03   7.9860801352E-04   2.7965527003E-05  -1.7144707760E-04
    7     -3.7489286718E-03   2.9929909074E-03  -8.8555824796E-04  -5.8735549736E-03  -2.6335045679E-03
    8      4.8837004261E-03  -1.1672486022E-03  -6.2208313063E-04  -1.8855017153E-03   1.9613577491E-03
    9     -2.7150398127E-02   5.2610937892E-02   1.0068298319E-03  -7.1669402143E-05  -1.4262012339E-03
   10      1.9315559926E-02  -1.8996852814E-02  -1.5505616424E-03   1.0502785370E-03  -4.1565753714E-03
   11     -1.8996852814E-02   4.7756618906E-02  -3.2355929887E-03  -8.0863444084E-04  -4.9351929910E-03
   12     -1.5505616424E-03  -3.2355929887E-03   1.6833286781E-02  -5.5864943066E-03  -1.3696514619E-02
   13      1.0502785370E-03  -8.0863444084E-04  -5.5864943066E-03   4.1260853190E-02   5.0681448464E-02
   14     -4.1565753714E-03  -4.9351929910E-03  -1.3696514619E-02   5.0681448464E-02   1.0850673414E-01
   15      1.3678013300E-04   1.9095056015E-04  -6.1900492750E-04   2.1671446706E-03   1.6098204674E-03
   16      1.1946360244E-04  -2.0976252856E-04   2.2013063585E-03  -2.6171841189E-04  -1.3341372056E-03
   17     -3.2734255138E-04  -2.5698835876E-04   4.2521428833E-03  -4.2908782934E-03  -1.9810672249E-03
   18     -1.7534844218E-06   3.4603618494E-05   4.7412294827E-04  -5.5180466837E-04   8.7138248173E-04
   19      9.0197632754E-04   3.6242523001E-04  -8.5235677407E-04   1.6371443671E-03   3.1566116787E-03
   20     -5.4390167735E-04  -5.6962599766E-04   2.0803487603E-03   2.5159981882E-03  -5.3042565745E-03
   21      6.3389471710E-04   1.5708723087E-03   2.9982099756E-04   4.8139796061E-04   9.6362999958E-04
   22      2.7643566223E-03  -4.0814494376E-04   3.0543638295E-03  -7.7560769355E-05  -3.6842965574E-03
   23      4.9360957887E-04   3.3604975647E-03   4.3107723780E-03  -2.2935603163E-03  -3.1560892939E-03
   24     -7.4651964318E-04   7.8498467244E-04  -8.4083168604E-04  -1.2039587178E-03   5.8501858913E-06
   25      2.6097681337E-03  -1.6563168805E-03  -5.5585538542E-05   2.2698654494E-03   1.9467902063E-03
   26     -2.3801855828E-03   3.4842153621E-04   4.6496513700E-04  -3.7795831171E-03  -4.6533596778E-03
   27      2.0327583650E-05  -1.0768662085E-04   2.3278126857E-04  -8.8900505011E-05  -3.3509262792E-04
   28      2.8227851995E-04   2.3097426224E-04  -2.1252564574E-04   5.9674150693E-04   1.2458660893E-03
   29      1.0395231903E-03  -5.0987488221E-05  -3.1480057472E-04   1.2777683258E-03   2.2399393799E-03
   30      1.2724073165E-04  -1.1770393942E-04   1.5987314534E-04   2.1815707745E-04   5.4493892173E-05
   31     -4.1095121097E-04   2.9133131035E-04  -5.2440262884E-05  -6.2478961119E-04  -2.4974754472E-04
   32      4.0895225073E-04   3.2036614751E-06  -8.7781018626E-05   7.8032589911E-04   8.9077834525E-04
   33      5.7163539173E-05   1.1229522593E-04   1.3826812361E-03   1.6804387139E-04   2.4936745346E-04
   34      1.2850684906E-06  -2.5523225516E-04  -1.3746113968E-03   2.6028558867E-04  -2.3083331652E-03
   35     -5.7496768718E-04  -6.5038006108E-04  -3.2722475422E-03  -4.0313029864E-03  -4.8898600422E-03
   36      1.8659056590E-04   2.4051527172E-04  -1.0133401495E-03  -4.1461352665E-04   1.6632546232E-03
   37     -1.5885313794E-03  -6.5026884203E-04   1.1646478790E-03  -1.7115669266E-03  -6.1525292800E-03
   38     -5.6670463143E-04   4.5278766476E-04  -1.9898235802E-04  -7.6297314761E-04  -2.8129971648E-04
   39     -2.6696857491E-05  -3.6587163695E-05   1.9459150409E-04   4.2736592404E-05  -2.8278464468E-04
   40      3.1737012473E-04   1.3623912600E-04  -2.6354059783E-04   1.9456691183E-04   1.3047100118E-03
   41      1.1226784015E-04  -1.1952195370E-04   9.6036461575E-05   2.9052280828E-04  -8.5639630701E-05
   42     -2.8965364719E-05  -8.3679504718E-05   2.2002452504E-04   8.8577697867E-06  -3.9394852873E-04
   43      3.2292304869E-04   1.2663382002E-04  -1.3560342720E-04   5.5356144289E-04   1.0799398645E-03
   44      1.3397430858E-04  -1.2402862642E-04  -1.5548235883E-05   2.2390915801E-04   8.8829873434E-05
   45      3.8357093700E-04  -2.1896551060E-04   1.7252794711E-04   2.6808916922E-04   3.6973912062E-05
   46     -5.9775636961E-04   2.9621598944E-04   9.8486594284E-05  -3.5280297567E-04  -3.7677921698E-04
   47      6.1336416256E-04  -9.6731316821E-08  -1.4853218017E-04   5.5047595001E-04   1.0730225344E-03
                   15                 16                 17                 18                 19        
    0     -9.7725334164E-02   4.7097394122E-02  -1.1591455488E-02  -1.3521190901E-02  -1.1291799781E-02
    1      4.7260966717E-02  -4.0056738733E-02   5.7216140844E-03  -1.4499168289E-02  -4.8579144169E-02
    2     -1.1160177918E-02   5.4241591034E-03  -1.4018140055E-02   5.4750178011E-03   1.4801611893E-02
    3     -5.7406000832E-04   5.0629682134E-05   6.8329033655E-04  -3.6272846332E-04  -3.3325600804E-04
    4     -1.1233743720E-03   2.8946968002E-05   2.2853270255E-03  -1.2609005225E-04  -4.6002177998E-03
    5     -1.4124251368E-03   1.2759467071E-03   2.1265503936E-03  -7.3075222460E-05  -1.6968876611E-03
    6      7.4418542913E-05   4.6527834296E-05   2.4346638718E-05   2.3784930972E-04  -2.2823775851E-05
    7      3.1298879136E-04   1.8339086122E-05  -1.0586736400E-03  -1.8324762149E-04   2.1188309772E-03
    8     -2.0694429362E-05  -2.4746945604E-04   3.6980854453E-04   5.3480991834E-05  -1.3179017773E-03
    9      2.2891893794E-04  -1.8204369412E-05  -6.6843891732E-05   9.4182624781E-05   3.0863091763E-05
   10      1.3678013300E-04   1.1946360244E-04  -3.2734255138E-04  -1.7534844218E-06   9.0197632754E-04
   11      1.9095056015E-04  -2.0976252856E-04  -2.5698835876E-04   3.4603618494E-05   3.6242523001E-04
   12     -6.1900492750E-04   2.2013063585E-03   4.2521428833E-03   4.7412294827E-04  -8.5235677407E-04
   13      2.1671446706E-03  -2.6171841189E-04  -4.2908782934E-03  -5.5180466837E-04   1.6371443671E-03
   14      1.6098204674E-03  -1.3341372056E-03  -1.9810672249E-03   8.7138248173E-04   3.1566116787E-03
   15      9.9589877515E-02  -5.1454332920E-02   1.1022244389E-02   1.5317672304E-03  -3.2298147512E-04
   16     -5.1454332920E-02   4.0439791227E-02  -5.9059185612E-03   4.2292263491E-03  -5.0915911312E-03
   17      1.1022244389E-02  -5.9059185612E-03   1.1359133168E-02  -1.8187412740E-03   3.3150943369E-03
   18      1.5317672304E-03   4.2292263491E-03  -1.8187412740E-03   2.9882310609E-02  -4.2804572664E-03
   19     -3.2298147512E-04  -5.0915911312E-03   3.3150943369E-03  -4.2804572664E-03   9.9934636731E-02
   20      2.7920946180E-04   2.6366501075E-03   4.7377144554E-04   5.4208310145E-03  -4.3180093597E-02
   21      1.1661658728E-04   1.7847590462E-05   9.6296526139E-05   6.9213473556E-05   3.8188213140E-05
   22      1.8614757989E-04  -3.5107400789E-05  -5.8283122075E-04  -5.0277876539E-06   8.9476444417E-04
   23      2.4814463516E-04  -2.5673293255E-04  -5.2369885944E-04   7.8224229184E-05   2.7456971509E-04
   24     -1.5215336792E-04  -3.1031384080E-04  -6.2614861924E-05  -4.4051193435E-04  -1.0953312010E-03
   25     -2.0254141749E-04   3.2829509446E-04   6.7397796078E-04   1.0200864342E-04  -1.1638081410E-03
   26      3.1196028984E-04   6.9635431529E-04  -1.5291579686E-03  -3.8450793769E-04   6.1150606429E-03
   27      1.2792744413E-04   2.4617082541E-04  -1.5034488181E-04   9.5455260000E-04   2.4953907441E-03
   28     -8.6655216972E-05  -5.7746239267E-04   4.9180198113E-04  -1.4256759473E-04  -6.4353118643E-03
   29     -9.8658724083E-05  -2.7450553811E-04   7.4147724655E-04   1.8766016518E-04  -2.4357047030E-03
   30      4.3624703959E-05   5.6704531878E-05   1.5729863157E-05   1.0396135129E-04   2.3833000012E-04
   31      4.7829432208E-05  -1.0292461394E-04  -1.2084876460E-04  -1.6659861663E-05  -9.0490135918E-05
   32     -6.3202102759E-05  -1.5374451792E-04   3.1195047100E-04   6.7555958107E-05  -1.3371122366E-03
   33     -2.5998583331E-03  -1.7238181483E-03  -2.4843855757E-03  -1.3598411444E-04  -2.3639955198E-03
   34      2.9341776002E-03   3.3658277958E-03   1.1535346629E-03  -3.9710878273E-03  -3.4465697105E-03
   35     -7.3759964820E-04  -4.0597873807E-04   2.4898076406E-03   1.4552038736E-03   2.3184142262E-03
   36     -5.2081788741E-04  -1.0992807969E-03   2.8384188914E-04  -1.9398195507E-02   1.4387207603E-02
   37     -4.2246126290E-05   2.8128475674E-03  -2.1361340073E-03   1.6947180612E-02  -3.2579938266E-02
   38     -1.7358331400E-04  -1.8371037669E-03   1.6430310812E-04  -1.0210324184E-02   1.6609314464E-02
   39      1.5618277527E-04   1.4261772021E-04  -2.7595478293E-05   1.9739961562E-03   1.3488962925E-03
   40     -4.8670048720E-05  -4.1088977104E-04   3.5489222116E-04  -1.9043201560E-03  -3.0157939507E-03
   41      1.6704374836E-05   3.5169629023E-04   7.2630793027E-06   1.3422757267E-03   2.9890418580E-03
   42      2.8628242149E-04   3.9601792228E-04  -1.9101964720E-04  -1.6074135423E-03   1.6146398537E-03
   43      1.4660363631E-04  -4.9853069718E-04   5.5997311738E-04   4.4096189893E-03  -7.0471094417E-04
   44      1.9632487692E-05   3.7862436678E-04  -4.5757639521E-05  -2.6439585138E-03   1.2016619198E-03
   45      3.5612529760E-05   1.1469280784E-04   2.1536137487E-05   1.4406815869E-04   4.0547554470E-04
   46      9.4977347455E-05  -7.8548188849E-05  -1.3388045062E-04  -1.8395253615E-06   2.2022326536E-04
   47     -3.8752958131E-05  -1.3778554633E-04   3.1074500844E-04   1.5273290600E-04  -1.1881647767E-03
                   20                 21                 22                 23                 24        
    0      3.2572675825E-03  -9.0301788311E-05  -3.7583730066E-04  -3.4231271522E-04   6.8651687966E-04
    1      1.6209770105E-02  -3.4407646747E-04  -1.4637414923E-04   9.6519527213E-04   1.1978866027E-03
    2     -1.4896353879E-02  -6.9042188748E-04   2.7300551999E-03   2.5842963915E-03   1.2104452756E-05
    3      4.6654996325E-05  -1.1813888891E-01   1.2577456292E-02   3.0493004683E-02   4.5391572112E-03
    4      3.1916782741E-03   1.2119046092E-02  -1.3811651245E-02  -3.2859081610E-03   3.9225108588E-03
    5      2.2811220176E-03   3.0931838567E-02  -3.5188975283E-03  -2.2102694902E-02  -2.7175859747E-03
    6      2.1287497920E-04  -6.0545437227E-04  -4.0460265379E-03   2.1363492455E-03  -2.1359718516E-02
    7     -1.2782956916E-03  -1.3518633553E-03  -9.5912759258E-04   1.1556563253E-03   1.5830368487E-02
    8      4.2096249849E-04   1.6296347823E-03   3.4923452408E-03  -8.2626993886E-05  -1.1311378887E-02
    9     -6.7569402349E-05  -2.9369087632E-03   1.9968682668E-03  -3.5602577205E-03  -7.3976384981E-04
   10     -5.4390167735E-04   6.3389471710E-04   2.7643566223E-03   4.9360957887E-04  -7.4651964318E-04
   11     -5.6962599766E-04   1.5708723087E-03  -4.0814494376E-04   3.3604975647E-03   7.8498467244E-04
   12      2.0803487603E-03   2.9982099756E-04   3.0543638295E-03   4.3107723780E-03  -8.4083168604E-04
   13      2.5159981882E-03   4.8139796061E-04  -7.7560769355E-05  -2.2935603163E-03  -1.2039587178E-03
   14     -5.3042565745E-03   9.6362999958E-04  -3.6842965574E-03  -3.1560892939E-03   5.8501858913E-06
   15      2.7920946180E-04   1.1661658728E-04   1.8614757989E-04   2.4814463516E-04  -1.5215336792E-04
   16      2.6366501075E-03   1.7847590462E-05  -3.5107400789E-05  -2.5673293255E-04  -3.1031384080E-04
   17      4.7377144554E-04   9.6296526139E-05  -5.8283122075E-04  -5.2369885944E-04  -6.2614861924E-05
   18      5.4208310145E-03   6.9213473556E-05  -5.0277876539E-06   7.8224229184E-05  -4.4051193435E-04
   19     -4.3180093597E-02   3.8188213140E-05   8.9476444417E-04   2.7456971509E-04  -1.0953312010E-03
   20      3.5566960569E-02   1.3745673928E-04  -5.7169214595E-04  -4.9567679223E-04  -4.3633683376E-04
   21      1.3745673928E-04   1.2215308921E-01  -1.2715248398E-02  -3.3887937979E-02  -1.9531092366E-03
   22     -5.7169214595E-04  -1.2715248398E-02   1.1221791131E-02   3.1268167341E-03  -3.5209740970E-04
   23     -4.9567679223E-04  -3.3887937979E-02   3.1268167341E-03   2.1022248585E-02   2.1591249175E-04
   24     -4.3633683376E-04  -1.9531092366E-03  -3.5209740970E-04   2.1591249175E-04   2.0572502381E-01
   25      9.2608230274E-04   1.1762441526E-03   1.6569841644E-03  -8.5590995678E-04   4.7310757062E-02
   26     -1.9856328038E-03  -8.1355686218E-04  -2.4066533158E-03  -1.4848070171E-04   1.9976442785E-02
   27      6.0022860232E-04   2.4726663373E-04  -1.7442961905E-04   7.9782237689E-05  -1.9144299419E-02
   28     -1.4207013397E-03  -1.1369798871E-04   3.0644731551E-04   1.9016275736E-04   3.4367171773E-03
   29      1.8777194532E-03   1.9427660925E-04   1.3427732700E-03  -1.7277770035E-04   1.6441533348E-02
   30      9.7263868190E-05   3.3004514805E-04  -4.2219238126E-05   5.9415809127E-05  -4.1161982317E-02
   31     -2.4154521685E-04  -2.1881168730E-04  -4.2534517880E-04   2.9670511364E-04  -4.7456075625E-02
   32      3.0642736002E-04   2.1892859939E-04   3.5851659533E-04  -5.1561488147E-06  -1.3710354755E-02
   33     -1.2502528118E-04   9.3909178470E-05   2.6653106264E-05   2.1365428227E-07  -3.0157937955E-04
   34     -5.9452546322E-04   5.8641370601E-05   7.3382533474E-05  -2.0506736166E-04  -2.6468496654E-04
   35      1.8702462971E-03   1.0993277340E-04  -4.1934185941E-04  -3.5244323755E-04   4.4940466554E-05
   36     -8.9631483483E-03  -2.5284163178E-04   7.9787142190E-05   9.4655710755E-05   3.8824913633E-03
   37      1.5452544053E-02  -2.9506870205E-05  -1.6966965877E-03  -4.7704016100E-04   2.7587152715E-03
   38     -1.8711326183E-02  -2.8324786723E-04  -5.7711324129E-04   4.5446444737E-04   3.6726046991E-03
   39     -1.3574621202E-03   6.0001468925E-05  -2.6359339720E-05  -3.0132866669E-06  -7.7011259972E-04
   40      5.2715295335E-03   1.3896004346E-05   3.4955684542E-04   1.0998105749E-04  -5.7824341986E-04
   41     -2.0349771470E-03   3.6788086438E-05   1.5519909102E-04  -1.3888035339E-04  -1.0473692748E-03
   42     -1.2652619570E-03   8.9279959294E-05  -1.9070818618E-05  -1.0497814125E-05  -1.7343120544E-03
   43      1.7728555111E-03   2.4921438794E-05   3.2287625731E-04   1.1662612626E-04  -6.4755468045E-04
   44      6.7612552483E-04   1.4223710593E-05   9.8362416482E-05  -1.2472025085E-04  -1.5591807815E-04
   45      7.4306304221E-05   5.1826204299E-04  -1.6055337580E-04   8.1558470183E-05  -1.2623481490E-01
   46     -1.3429415744E-04   2.0472083682E-04  -4.3829638955E-04   6.4395291536E-04  -2.1804419692E-02
   47      5.2451421112E-04  -2.2272813478E-04   8.6584555872E-04  -1.1826175371E-04  -1.1693122937E-02
                   25                 26                 27                 28                 29        
    0      5.8246897399E-04  -2.1116278541E-03  -8.3316750244E-04   8.5367905554E-04   6.7764909549E-04
    1     -1.9612837528E-03  -3.4804395025E-03  -9.7165437552E-04   2.5024951309E-03   1.6527115484E-03
    2     -3.7423843216E-03   7.7786962899E-03   9.1456852075E-04  -3.1649740024E-03  -4.0061139743E-03
    3     -2.6550971048E-03   1.3862818147E-03  -7.4065618857E-04   1.1505284162E-04  -5.5647367017E-04
    4     -1.1794773356E-02   1.2941320166E-02   3.3675761463E-06  -1.4479610693E-03  -5.7821751091E-03
    5      4.3242679952E-03  -1.1862127624E-03   2.9757219678E-04  -7.9066834298E-04  -2.5476745951E-04
    6      1.8164392545E-02  -1.2791198279E-02   1.1938733686E-03  -6.9663457587E-04   1.0944036379E-03
    7     -3.6031896493E-02   1.6251913355E-02   8.1937070939E-05   1.1158560818E-03   3.1997843222E-03
    8      1.8144008045E-02  -1.9454476417E-02  -1.3183470448E-03   1.8228612947E-03  -5.2313020948E-03
    9      1.7367495425E-04   1.6369209437E-04   1.3667279574E-04  -2.9773979426E-05   6.9362156726E-05
   10      2.6097681337E-03  -2.3801855828E-03   2.0327583650E-05   2.8227851995E-04   1.0395231903E-03
   11     -1.6563168805E-03   3.4842153621E-04  -1.0768662085E-04   2.3097426224E-04  -5.0987488221E-05
   12     -5.5585538542E-05   4.6496513700E-04   2.3278126857E-04  -2.1252564574E-04  -3.1480057472E-04
   13      2.2698654494E-03  -3.7795831171E-03  -8.8900505011E-05   5.9674150693E-04   1.2777683258E-03
   14      1.9467902063E-03  -4.6533596778E-03  -3.3509262792E-04   1.2458660893E-03   2.2399393799E-03
   15     -2.0254141749E-04   3.1196028984E-04   1.2792744413E-04  -8.6655216972E-05  -9.8658724083E-05
   16      3.2829509446E-04   6.9635431529E-04   2.4617082541E-04  -5.7746239267E-04  -2.7450553811E-04
   17      6.7397796078E-04  -1.5291579686E-03  -1.5034488181E-04   4.9180198113E-04   7.4147724655E-04
   18      1.0200864342E-04  -3.8450793769E-04   9.5455260000E-04  -1.4256759473E-04   1.8766016518E-04
   19     -1.1638081410E-03   6.1150606429E-03   2.4953907441E-03  -6.4353118643E-03  -2.4357047030E-03
   20      9.2608230274E-04  -1.9856328038E-03   6.0022860232E-04  -1.4207013397E-03   1.8777194532E-03
   21      1.1762441526E-03  -8.1355686218E-04   2.4726663373E-04  -1.1369798871E-04   1.9427660925E-04
   22      1.6569841644E-03  -2.4066533158E-03  -1.7442961905E-04   3.0644731551E-04   1.3427732700E-03
   23     -8.5590995678E-04  -1.4848070171E-04   7.9782237689E-05   1.9016275736E-04  -1.7277770035E-04
   24      4.7310757062E-02   1.9976442785E-02  -1.9144299419E-02   3.4367171773E-03   1.6441533348E-02
   25      1.6625920591E-01   1.6216235212E-02   4.5955434360E-03  -1.0854045051E-02  -8.9212176185E-03
   26      1.6216235212E-02   9.9990503196E-02   1.8103440473E-02  -6.1611522278E-03  -3.9337454241E-02
   27      4.5955434360E-03   1.8103440473E-02   2.9243173852E-02   3.8767578133E-03  -1.1237937502E-02
   28     -1.0854045051E-02  -6.1611522278E-03   3.8767578133E-03   4.1642144357E-02   3.9785414796E-02
   29     -8.9212176185E-03  -3.9337454241E-02  -1.1237937502E-02   3.9785414796E-02   9.0557487792E-02
   30     -4.7589282034E-02  -1.4059793768E-02   1.9236612951E-03   1.3941324552E-03   1.6166346641E-03
   31     -9.3347774449E-02  -2.3186313397E-02  -7.7181213012E-04  -1.4274826646E-03  -2.6841122859E-03
   32     -2.3261499708E-02  -1.8617760607E-02  -1.1281135366E-03  -6.0910278199E-03  -4.1910912537E-03
   33      2.2853360542E-05   3.6073193811E-04   2.8859239588E-04  -2.7606302581E-04  -7.0027001671E-05
   34      2.9432008242E-04   8.6106578581E-04   8.4944104051E-05  -7.7658592544E-04  -4.8832208271E-04
   35      7.4929950892E-04  -1.5350738131E-03  -1.1065657000E-04   6.0305970961E-04   8.7027941963E-04
   36     -1.0641815575E-03  -4.1842762920E-04  -1.3192598914E-02  -7.6529532376E-03  -8.5055829157E-03
   37      1.0060270057E-04  -1.4247378388E-02  -8.9340414609E-03  -2.7345313490E-02  -1.9494269972E-02
   38     -3.0052754906E-03  -1.1287367212E-02  -1.0294667373E-02  -2.3204455683E-02  -3.5355795836E-02
   39      1.6880712981E-04  -2.2067572842E-04   1.6253159153E-03  -1.8234046968E-04  -2.6382206780E-04
   40      6.1961579853E-05   2.6112265587E-03   1.6740438493E-03   7.5947030672E-04  -4.8122760132E-03
   41      1.0127595760E-03   2.7503415737E-03   2.7126238949E-03  -8.8110586451E-04  -5.1931070107E-03
   42      2.7334105133E-04   9.6137619558E-04  -7.7514610689E-05  -8.0434852060E-04  -1.2082678549E-03
   43     -7.6426780734E-04   2.3741767695E-03  -3.1396703940E-03  -9.7472026092E-06  -2.8429436794E-03
   44      9.4844668408E-05   1.4018267742E-03  -3.3642755239E-03  -1.6871863942E-03  -1.0082269699E-03
   45     -2.1001159919E-02  -1.0948794168E-02  -1.9855809345E-03   5.2641334912E-04   1.9882178004E-03
   46     -1.7663154061E-02  -2.4394470320E-03   9.9683304456E-04   1.6684764407E-03  -5.5049291985E-04
   47     -2.6318617413E-03  -1.2534813165E-02   5.3247385895E-03  -9.8082474619E-04  -1.4852792625E-03
                   30                 31                 32                 33                 34        
    0     -1.8474082757E-04  -1.7944878804E-04   4.1129428509E-04  -9.6465900695E-02  -2.7032736065E-02
    1     -8.8386041823E-05   3.9620065692E-04   7.1839827979E-04  -2.7841740166E-02  -2.2908152377E-02
    2      2.5112920201E-05   5.6421702811E-04  -1.6771183296E-03  -3.9262023322E-02  -1.3025348588E-02
    3     -1.0277889841E-03   8.0976039339E-04  -5.3798453870E-04  -1.8952410656E-04  -2.2069719773E-04
    4     -5.6771922803E-04   2.6038626914E-03  -2.2309592746E-03  -1.8092750241E-04   3.7763579213E-05
    5      5.1955333064E-04  -1.6125784806E-03   3.3051335928E-04   5.9418912941E-05   1.1481180211E-03
    6      1.9475000436E-03  -1.4772504942E-03   7.5289611004E-04   1.0186245467E-04  -3.6741934122E-08
    7      2.3335260309E-03  -5.4686470983E-03   4.0584493017E-03   1.4507909866E-04   5.0437395622E-05
    8     -3.4617621641E-04   7.6816446025E-04   9.4805067971E-04  -1.1178061519E-04  -2.9345506154E-04
    9      1.8188352850E-04  -6.6616942419E-05   3.4974698115E-05   1.5696547044E-04  -3.8260749698E-05
   10      1.2724073165E-04  -4.1095121097E-04   4.0895225073E-04   5.7163539173E-05   1.2850684906E-06
   11     -1.1770393942E-04   2.9133131035E-04   3.2036614751E-06   1.1229522593E-04  -2.5523225516E-04
   12      1.5987314534E-04  -5.2440262884E-05  -8.7781018626E-05   1.3826812361E-03  -1.3746113968E-03
   13      2.1815707745E-04  -6.2478961119E-04   7.8032589911E-04   1.6804387139E-04   2.6028558867E-04
   14      5.4493892173E-05  -2.4974754472E-04   8.9077834525E-04   2.4936745346E-04  -2.3083331652E-03
   15      4.3624703959E-05   4.7829432208E-05  -6.3202102759E-05  -2.5998583331E-03   2.9341776002E-03
   16      5.6704531878E-05  -1.0292461394E-04  -1.5374451792E-04  -1.7238181483E-03   3.3658277958E-03
   17      1.5729863157E-05  -1.2084876460E-04   3.1195047100E-04  -2.4843855757E-03   1.1535346629E-03
   18      1.0396135129E-04  -1.6659861663E-05   6.7555958107E-05  -1.3598411444E-04  -3.9710878273E-03
   19      2.3833000012E-04  -9.0490135918E-05  -1.3371122366E-03  -2.3639955198E-03  -3.4465697105E-03
   20      9.7263868190E-05  -2.4154521685E-04   3.0642736002E-04  -1.2502528118E-04  -5.9452546322E-04
   21      3.3004514805E-04  -2.1881168730E-04   2.1892859939E-04   9.3909178470E-05   5.8641370601E-05
   22     -4.2219238126E-05  -4.2534517880E-04   3.5851659533E-04   2.6653106264E-05   7.3382533474E-05
   23      5.9415809127E-05   2.9670511364E-04  -5.1561488147E-06   2.1365428227E-07  -2.0506736166E-04
   24     -4.1161982317E-02  -4.7456075625E-02  -1.3710354755E-02  -3.0157937955E-04  -2.6468496654E-04
   25     -4.7589282034E-02  -9.3347774449E-02  -2.3261499708E-02   2.2853360542E-05   2.9432008242E-04
   26     -1.4059793768E-02  -2.3186313397E-02  -1.8617760607E-02   3.6073193811E-04   8.6106578581E-04
   27      1.9236612951E-03  -7.7181213012E-04  -1.1281135366E-03   2.8859239588E-04   8.4944104051E-05
   28      1.3941324552E-03  -1.4274826646E-03  -6.0910278199E-03  -2.7606302581E-04  -7.7658592544E-04
   29      1.6166346641E-03  -2.6841122859E-03  -4.1910912537E-03  -7.0027001671E-05  -4.8832208271E-04
   30      3.8759802226E-02   4.9764437664E-02   1.4469796652E-02   6.5001544414E-05   4.4766115287E-05
   31      4.9764437664E-02   9.7209187753E-02   2.5821824876E-02   1.9339752678E-05  -1.2612264659E-04
   32      1.4469796652E-02   2.5821824876E-02   1.7060648322E-02  -7.0803918253E-05  -2.0954287090E-04
   33      6.5001544414E-05   1.9339752678E-05  -7.0803918253E-05   9.8575678212E-02   3.0597705678E-02
   34      4.4766115287E-05  -1.2612264659E-04  -2.0954287090E-04   3.0597705678E-02   2.2405002345E-02
   35      1.4616656374E-06  -1.2083999116E-04   3.3954405149E-04   4.2147665525E-02   1.4796785286E-02
   36     -8.8052660852E-04   2.4096492779E-04   1.2513226991E-04  -1.8460720058E-03  -8.1195473451E-04
   37     -2.9479391400E-04   5.2379982706E-04   2.6941340493E-03   1.2617669714E-03   2.0629350495E-03
   38     -6.3781527865E-04   1.3934026514E-03   2.6107564978E-03  -8.2444926996E-04  -1.0670581609E-03
   39      1.7996489593E-04  -1.5655322929E-05   8.9341021620E-06   3.2342795604E-04  -2.9449022015E-05
   40      8.6922563250E-05  -2.5018163086E-05  -4.5552803564E-04  -2.7891890731E-04  -4.7262596983E-04
   41      1.5199937964E-04  -2.4871040495E-04  -4.2152810434E-04   1.2424474994E-04   3.5821470128E-04
   42      3.5292627107E-04  -1.3079846343E-05  -2.2369116611E-04   4.5252155167E-04  -1.4843288573E-05
   43      2.0524874785E-05  -9.0984383189E-05  -6.1653907904E-04   2.9577414244E-04  -7.2624026630E-04
   44     -1.1442295189E-04  -2.6454147859E-04  -5.6473174836E-04  -4.1527243305E-05   3.0001141368E-04
   45     -7.9320541605E-04  -6.1380282756E-04  -2.6819814249E-04   9.8278634445E-05   5.7311510607E-05
   46     -5.7030199705E-03   1.4074792263E-03  -4.8959852587E-04   5.1899360420E-05  -9.4942542686E-05
   47     -1.7349333866E-03  -4.0145705784E-04   2.6755134441E-03  -5.4771676787E-05  -1.6135436542E-04
                   35                 36                 37                 38                 39        
    0     -3.9387072274E-02   3.5699775135E-03  -3.1216371283E-03   1.9906957556E-03  -8.0794328439E-04
    1     -1.3470779342E-02   5.3192034257E-03  -1.1738358537E-02   5.2127122414E-03  -7.2690315540E-04
    2     -3.1361129635E-02  -2.0065097838E-03   1.1284425355E-02  -9.3928824450E-04   3.1369910996E-05
    3     -4.3058994315E-04   5.6145593011E-04   5.2597780446E-04   1.0161904712E-03  -1.6938912513E-04
    4      2.8447057060E-03  -8.1885344106E-04   8.0744736225E-03   2.8370418103E-03   1.6273789735E-04
    5      2.4962234624E-03  -8.7946348353E-04   3.3291918902E-03  -2.3535611234E-03   1.7162356638E-05
    6      8.7564632038E-06  -7.0579605577E-04  -1.3608327046E-05  -2.7044944410E-04   1.4790177630E-04
    7     -1.1199322625E-03   5.9528747990E-04  -4.5453089191E-03  -1.5251195628E-03  -7.6656722194E-05
    8      2.9143255560E-04   1.5164297211E-04   3.3450993875E-03   1.9105538828E-03  -4.6287236125E-05
    9     -7.7690235856E-05  -1.7728768860E-04  -1.0593054969E-04  -5.5884620994E-05   5.0003338884E-05
   10     -5.7496768718E-04   1.8659056590E-04  -1.5885313794E-03  -5.6670463143E-04  -2.6696857491E-05
   11     -6.5038006108E-04   2.4051527172E-04  -6.5026884203E-04   4.5278766476E-04  -3.6587163695E-05
   12     -3.2722475422E-03  -1.0133401495E-03   1.1646478790E-03  -1.9898235802E-04   1.9459150409E-04
   13     -4.0313029864E-03  -4.1461352665E-04  -1.7115669266E-03  -7.6297314761E-04   4.2736592404E-05
   14     -4.8898600422E-03   1.6632546232E-03  -6.1525292800E-03  -2.8129971648E-04  -2.8278464468E-04
   15     -7.3759964820E-04  -5.2081788741E-04  -4.2246126290E-05  -1.7358331400E-04   1.5618277527E-04
   16     -4.0597873807E-04  -1.0992807969E-03   2.8128475674E-03  -1.8371037669E-03   1.4261772021E-04
   17      2.4898076406E-03   2.8384188914E-04  -2.1361340073E-03   1.6430310812E-04  -2.7595478293E-05
   18      1.4552038736E-03  -1.9398195507E-02   1.6947180612E-02  -1.0210324184E-02   1.9739961562E-03
   19      2.3184142262E-03   1.4387207603E-02  -3.2579938266E-02   1.6609314464E-02   1.3488962925E-03
   20      1.8702462971E-03  -8.9631483483E-03   1.5452544053E-02  -1.8711326183E-02  -1.3574621202E-03
   21      1.0993277340E-04  -2.5284163178E-04  -2.9506870205E-05  -2.8324786723E-04   6.0001468925E-05
   22     -4.1934185941E-04   7.9787142190E-05  -1.6966965877E-03  -5.7711324129E-04  -2.6359339720E-05
   23     -3.5244323755E-04   9.4655710755E-05  -4.7704016100E-04   4.5446444737E-04  -3.0132866669E-06
   24      4.4940466554E-05   3.8824913633E-03   2.7587152715E-03   3.6726046991E-03  -7.7011259972E-04
   25      7.4929950892E-04  -1.0641815575E-03   1.0060270057E-04  -3.0052754906E-03   1.6880712981E-04
   26     -1.5350738131E-03  -4.1842762920E-04  -1.4247378388E-02  -1.1287367212E-02  -2.2067572842E-04
   27     -1.1065657000E-04  -1.3192598914E-02  -8.9340414609E-03  -1.0294667373E-02   1.6253159153E-03
   28      6.0305970961E-04  -7.6529532376E-03  -2.7345313490E-02  -2.3204455683E-02  -1.8234046968E-04
   29      8.7027941963E-04  -8.5055829157E-03  -1.9494269972E-02  -3.5355795836E-02  -2.6382206780E-04
   30      1.4616656374E-06  -8.8052660852E-04  -2.9479391400E-04  -6.3781527865E-04   1.7996489593E-04
   31     -1.2083999116E-04   2.4096492779E-04   5.2379982706E-04   1.3934026514E-03  -1.5655322929E-05
   32      3.3954405149E-04   1.2513226991E-04   2.6941340493E-03   2.6107564978E-03   8.9341021620E-06
   33      4.2147665525E-02  -1.8460720058E-03   1.2617669714E-03  -8.2444926996E-04   3.2342795604E-04
   34      1.4796785286E-02  -8.1195473451E-04   2.0629350495E-03  -1.0670581609E-03  -2.9449022015E-05
   35      3.0228901974E-02   1.7705690967E-04  -1.8668101269E-03  -4.0629029072E-04   5.4761484720E-05
   36      1.7705690967E-04   2.1554066226E-01   2.4816083678E-02  -3.1268295110E-02  -6.0191245897E-02
   37     -1.8668101269E-03   2.4816083678E-02   1.0099683910E-01  -1.2517980164E-02  -1.6684934630E-02
   38     -4.0629029072E-04  -3.1268295110E-02  -1.2517980164E-02   1.5279388954E-01   5.4539307414E-02
