
$orca_hessian_file

$act_atom
  0

$act_coord
  0

$act_energy
        0.000000

$multiplicity
  1

$hessian
12
                    0                  1                  2                  3                  4        
    0      1.1065992521E-01   4.3034966312E-02   6.8001914672E-02  -4.4527903227E-02   6.5964038817E-03
    1      4.3034966312E-02   1.9467632459E-01  -2.8866532758E-02   6.6086018175E-03  -1.8971680464E-02
    2      6.8001914672E-02  -2.8866532758E-02   1.6471769102E-01  -4.7151111486E-02   1.1945935106E-02
    3     -4.4527903227E-02   6.6086018175E-03  -4.7151111486E-02   3.8969423468E-02  -5.4199941524E-03
    4      6.5964038817E-03  -1.8971680464E-02   1.1945935106E-02  -5.4199941524E-03   1.4726074468E-02
    5     -4.7182483369E-02   1.1971946769E-02  -9.2942184398E-02   5.3533897313E-02  -1.4035617584E-02
    6     -1.6398130197E-02  -4.5140710073E-03   1.3907981114E-03   4.0764254806E-03   2.7154596490E-03
    7     -4.5248876531E-03  -9.9163473796E-02   4.5142643494E-02  -7.3846458382E-04   1.2441693520E-03
    8      1.4032208348E-03   4.5031090294E-02  -4.1253038007E-02  -1.1956694772E-03   6.4750383742E-03
    9     -4.9733891787E-02  -4.5120220534E-02  -2.2264184703E-02   1.4820542787E-03  -3.8949542966E-03
   10     -4.5115759128E-02  -7.6541170333E-02  -2.8214126831E-02  -4.4705816298E-04   3.0014366445E-03
   11     -2.2200068733E-02  -2.8144423315E-02  -3.0522468615E-02  -5.2059008785E-03  -4.3850310370E-03
                    5                  6                  7                  8                  9        
    0     -4.7182483369E-02  -1.6398130197E-02  -4.5248876531E-03   1.4032208348E-03  -4.9733891787E-02
    1      1.1971946769E-02  -4.5140710073E-03  -9.9163473796E-02   4.5031090294E-02  -4.5120220534E-02
    2     -9.2942184398E-02   1.3907981114E-03   4.5142643494E-02  -4.1253038007E-02  -2.2264184703E-02
    3      5.3533897313E-02   4.0764254806E-03  -7.3846458382E-04  -1.1956694772E-03   1.4820542787E-03
    4     -1.4035617584E-02   2.7154596490E-03   1.2441693520E-03   6.4750383742E-03  -3.8949542966E-03
    5      9.3275406714E-02  -3.3207948999E-03   1.3360824055E-03  -5.8578333378E-04  -3.0118345154E-03
    6     -3.3207948999E-03   8.6612062703E-03   6.4826815437E-03   1.1721447008E-03   3.6604984461E-03
    7      1.3360824055E-03   6.4826815437E-03   1.0098077373E-01  -4.9732873536E-02  -1.2242190458E-03
    8     -5.8578333378E-04   1.1721447008E-03  -4.9732873536E-02   3.7621254045E-02  -1.3770314410E-03
    9     -3.0118345154E-03   3.6604984461E-03  -1.2242190458E-03  -1.3770314410E-03   4.4591339063E-02
   10      7.2726354995E-04  -4.6791804464E-03  -3.0614692843E-03  -1.7772129168E-03   5.0240695807E-02
   11      2.5256101822E-04   7.5518747040E-04   3.2581054206E-03   4.2175672954E-03   2.6651916400E-02
                   10                 11        
     0     -4.5115759128E-02  -2.2200068733E-02
     1     -7.6541170333E-02  -2.8144423315E-02
     2     -2.8214126831E-02  -3.0522468615E-02
     3     -4.4705816298E-04  -5.2059008785E-03
     4      3.0014366445E-03  -4.3850310370E-03
     5      7.2726354995E-04   2.5256101822E-04
     6     -4.6791804464E-03   7.5518747040E-04
     7     -3.0614692843E-03   3.2581054206E-03
     8     -1.7772129168E-03   4.2175672954E-03
     9      5.0240695807E-02   2.6651916400E-02
    10      7.6601202973E-02   2.9267712565E-02
    11      2.9267712565E-02   2.6052340301E-02

$vibrational_frequencies
12
    0        0.0000000000000000
    1        0.0000000000000000
    2        0.0000000000000000
    3        0.0000000000000000
    4        0.0000000000000000
    5        0.0000000000000000
    6      671.4891821858416279
    7      750.0029272492713517
    8      753.3879537707542795
    9     1853.9284015143907709
   10     1871.6328799625284773
   11     1874.4729029610728048

$normal_modes
12 12
                    0                  1                  2                  3                  4        
    0      0.0000000000E+00   0.0000000000E+00   0.0000000000E+00   0.0000000000E+00   0.0000000000E+00
    1      0.0000000000E+00   0.0000000000E+00   0.0000000000E+00   0.0000000000E+00   0.0000000000E+00
    2      0.0000000000E+00   0.0000000000E+00   0.0000000000E+00   0.0000000000E+00   0.0000000000E+00
    3      0.0000000000E+00   0.0000000000E+00   0.0000000000E+00   0.0000000000E+00   0.0000000000E+00
    4      0.0000000000E+00   0.0000000000E+00   0.0000000000E+00   0.0000000000E+00   0.0000000000E+00
    5      0.0000000000E+00   0.0000000000E+00   0.0000000000E+00   0.0000000000E+00   0.0000000000E+00
    6      0.0000000000E+00   0.0000000000E+00   0.0000000000E+00   0.0000000000E+00   0.0000000000E+00
    7      0.0000000000E+00   0.0000000000E+00   0.0000000000E+00   0.0000000000E+00   0.0000000000E+00
    8      0.0000000000E+00   0.0000000000E+00   0.0000000000E+00   0.0000000000E+00   0.0000000000E+00
    9      0.0000000000E+00   0.0000000000E+00   0.0000000000E+00   0.0000000000E+00   0.0000000000E+00
   10      0.0000000000E+00   0.0000000000E+00   0.0000000000E+00   0.0000000000E+00   0.0000000000E+00
   11      0.0000000000E+00   0.0000000000E+00   0.0000000000E+00   0.0000000000E+00   0.0000000000E+00
                    5                  6                  7                  8                  9        
    0      0.0000000000E+00  -5.0457459384E-02  -2.2893218794E-02  -1.5343986356E-02  -1.2466378558E-03
    1      0.0000000000E+00   2.1284251674E-02   5.8419596324E-03  -4.1175214427E-02   3.9311823968E-04
    2      0.0000000000E+00   3.4211121133E-02  -3.7381473329E-02   2.9604530045E-03  -2.3061792050E-03
    3      0.0000000000E+00   4.4845320499E-01  -1.6215137262E-02   2.8336170969E-01   3.2167048740E-01
    4      0.0000000000E+00  -1.8885247772E-01   2.6767629661E-03   7.6220429861E-01  -8.0665813006E-02
    5      0.0000000000E+00  -3.0247643051E-01  -2.2251970950E-02  -5.6319016301E-02   5.2703285925E-01
    6      0.0000000000E+00   4.5148860302E-01   4.4045432507E-01   2.5208749656E-01   2.3063415690E-02
    7      0.0000000000E+00  -1.8962512928E-01   2.6004084247E-01   1.2361840633E-01   4.8336383243E-01
    8      0.0000000000E+00  -3.0656786667E-01   4.8568600599E-01   2.9852395349E-01  -2.6525523645E-01
    9      0.0000000000E+00   4.5069625657E-01   1.8856322241E-01  -1.2472357147E-01  -3.1136407906E-01
   10      0.0000000000E+00  -1.9125620121E-01  -4.1909434631E-01   2.1634955267E-01  -4.1322095231E-01
   11      0.0000000000E+00  -3.0671410600E-01   5.3718790283E-01  -3.2144992029E-01  -2.0004614729E-01
                   10                 11        
     0      2.3333352652E-02  -1.5327391628E-02
     1     -5.2728737988E-03  -4.2065011647E-02
     2      3.7700045596E-02   3.5893939823E-03
     3     -4.0225519923E-01  -1.0122743648E-02
     4      1.0102736861E-01  -1.3976274167E-02
     5     -6.6000936519E-01  -6.2311471543E-03
     6      2.6838277083E-02   2.5860779860E-02
     7      3.8389259011E-01   6.2269797657E-01
     8     -1.9768630686E-01  -3.4655094830E-01
     9     -2.4916692830E-01   3.9454339326E-01
    10     -3.4377642614E-01   5.1726852009E-01
    11     -1.5145376276E-01   2.5670171011E-01

#
# The atoms: label  mass x y z (in bohrs)
#
$atoms
4
 Al    26.98200      0.000146585791    -0.000136634279    -0.001120125226
 H      1.00800      1.580317278168    -0.396161979078     2.591080605158
 H      1.00800      0.132246130616     2.684150978283    -1.464525131170
 H      1.00800     -1.716487196303    -2.284331592344    -1.096572121968

$actual_temperature
  0.000000

$frequency_scale_factor
  1.000000

$dipole_derivatives
12
    1.0011214308E+00    4.8328003254E-02    7.9942854367E-02
    4.9408684757E-02    1.0924512906E+00   -3.3920504716E-02
    7.8136822955E-02   -3.2828957427E-02    1.0635535324E+00
   -3.3636674474E-01   -9.8488475263E-03   -3.3756114922E-02
   -1.0133512894E-02   -3.5140792821E-01    1.1842822868E-02
   -3.4878950086E-02    1.2284680009E-02   -3.6615216791E-01
   -3.2722727240E-01   -1.3010499479E-02   -1.9541049996E-02
   -1.3439668817E-02   -3.7463129042E-01    2.3049610714E-02
   -1.9450792982E-02    2.1311272956E-02   -3.5070120829E-01
   -3.3688573139E-01   -2.5386365451E-02   -2.7203225535E-02
   -2.5603005169E-02   -3.6796733271E-01   -1.2603160646E-03
   -2.6316852027E-02    3.1168518466E-04   -3.4727497613E-01

#
# The IR spectrum
#  wavenumber eps Int TX TY TZ
#
$ir_spectrum
12
      0.00   0.00000000   0.00000000     0.000000     0.000000     0.000000
      0.00   0.00000000   0.00000000     0.000000     0.000000     0.000000
      0.00   0.00000000   0.00000000     0.000000     0.000000     0.000000
      0.00   0.00000000   0.00000000     0.000000     0.000000     0.000000
      0.00   0.00000000   0.00000000     0.000000     0.000000     0.000000
      0.00   0.00000000   0.00000000     0.000000     0.000000     0.000000
    671.49   0.06070437 306.77499405    -0.131285     0.055373     0.088935
    750.00   0.04023367 203.32446268    -0.067002     0.017138    -0.109350
    753.39   0.03983233 201.29628338    -0.044858    -0.120052     0.008623
   1853.93   0.00017087   0.86352817    -0.002749     0.000889    -0.004518
   1871.63   0.04855653 245.38479898     0.047034    -0.010648     0.075963
   1874.47   0.04843815 244.78657699    -0.030696    -0.084083     0.007193


$end

