*************************************************
******************* ORCA 6.1.0 ******************
*************************************************
$Calculation_Status
   &GeometryIndex 2
   &version [&Type "String"] "6.1.0"
   &progName [&Type "String"] "LeanSCF"
   &Status [&Type "String"] "NORMAL TERMINATION"
$End
$Geometry
   &GeometryIndex 1
   &NAtoms [&Type "Integer"] 4
   &NCorelessECP [&Type "Integer"] 0
   &NGhostAtoms [&Type "Integer"] 0
   &CartesianCoordinates [&Type "Coordinates", &Dim(4,4), &Units "Bohr"] 
              Al    -2.579684860771    1.176189305017   -0.393969388181
              H     -1.017767265923    0.783790917432    2.155267553730
              H     -2.452165047000    3.813916315264   -1.849410914378
              H     -4.269137894277   -1.069139868395   -1.487786566032
$End
$SCF_Energy
   &GeometryIndex 1
   &Method [&Type "String"] "SCF"
   &totalEnergy [&Type "ArrayOfDoubles", &Dim (1,1)] "Total energy of each state"
                                                         0

0                                     -2.4405362985280934e+02
   &Mult [&Type "ArrayOfIntegers", &Dim (1,1)] "Multiplicity of each state"
                                                         0

0                                                        1
$End
$DFT_Energy
   &GeometryIndex 1
   &nAlphaEl [&Type "Integer"] 8
   &nBetaEl [&Type "Integer"] 8
   &nTotalEl [&Type "Integer"] 16
   &finalEn [&Type "Double"]      -2.4405362985280934e+02  "No Van der Waals correction"
   &eExchange [&Type "Double"]      -1.9030530245476378e+01
   &eCorr [&Type "Double"]      -5.3173835297397209e-01
   &eXC [&Type "Double"]      -1.9562268598450348e+01
   &eCNL [&Type "Double"]       0.0000000000000000e+00
$End
$Solvation_Details
   &GeometryIndex 1
   &Solvent [&Type "String"] "CUSTOM"
   &Epsilon [&Type "Double"]       1.9577854876666700e+00
   &Refrac [&Type "Double"]       1.0000000000000000e+00
   &RSolv [&Type "Double"]       1.3000000000000000e+00
   &SurfaceType [&Type "String"] "GAUSSIAN VDW"
   &CPCMDielEnergy [&Type "Double"]      -3.1176049999999999e-03
   &NPoints [&Type "Integer"] 459
   &SurfaceArea [&Type "Double"]       2.5558939902899999e+02
$End
$SCF_Timings
   &GeometryIndex 1
   &TOTAL [&Type "Double"]       1.4334169999999997e+00
   &PREP [&Type "Double"]       6.2564199999999992e-01
   &FOCK [&Type "Double"]       1.0863199999999995e+00
   &DENS [&Type "Double"]       2.7957000000000010e-02
   &ETOT [&Type "Double"]       2.2228000000000359e-02
   &POP [&Type "Double"]       1.0000000001397780e-06
   &TRAFO [&Type "Double"]       1.6733999999999805e-02
   &DIIS [&Type "Double"]       9.1574999999999740e-02
   &SOSCF [&Type "Double"]       5.8788999999999980e-02
   &XC [&Type "Double"]       5.2384800000000020e-01
   &FOCKSTART [&Type "Double"]       7.9700000000005877e-03
   &SOLV [&Type "Double"]       2.0757500000000029e-01
   &SOLV_INIT [&Type "Double"]       5.6726999999999972e-02
   &SOLV_FINAL [&Type "Double"]       1.0000000001397780e-06
   &INT_PREP [&Type "Double"]       1.9999999998354667e-06
   &INT_BF [&Type "Double"]       7.4693000000002452e-02
   &INT_DENS [&Type "Double"]       3.5646999999998208e-02
   &INT_DENSIO [&Type "Double"]       4.4091153199999985e+02
   &INT_FUNC [&Type "Double"]       2.4648000000002668e-02
   &INT_POT [&Type "Double"]       3.6245999999998779e-02
   &INT_POTIO [&Type "Double"]       3.3770000000001854e-03
   &INT_SUM [&Type "Double"]       6.3299999999988366e-04
   &SPLITRIJ [&Type "Double"]       3.2855699999999977e-01
$End
$VdW_Correction
   &GeometryIndex 1
   &vdW [&Type "Double"]      -1.0796381571673537e-03
$End
$Single_Point_Data
   &GeometryIndex 1
   &FinalEnergy [&Type "Double"]      -2.4405470949096650e+02  "Final single point energy"
   &Converged [&Type "Boolean"] true
$End
$SCF_Nuc_Gradient
   &GeometryIndex 1
   &NAtoms [&Type "Integer"] 4
   &gradNorm [&Type "Double"]       1.8511954656337017e-04
   &grad [&Type "ArrayOfDoubles", &Dim (12,1)] 
                                                         0

0                                     -9.3240430454460757e-07
1                                      5.0989348011682808e-06
2                                      7.8663962857997234e-06
3                                     -5.0857647034387187e-05
4                                      1.9217617558915893e-05
5                                     -8.9566673092190399e-05
6                                     -6.5445935251466842e-06
7                                     -1.0163969818095247e-04
8                                      4.8258350329419226e-05
9                                      5.8334658302073403e-05
10                                     7.7323144136706387e-05
11                                     3.3441927193920417e-05
   &Method [&Type "String"] "SCF"
   &Level [&Type "String"] "Relaxed density"
   &Mult [&Type "Integer"] 1
   &State [&Type "Integer"] 0
   &Irrep [&Type "Integer"] 0
$End
$Geometry
   &GeometryIndex 2
   &NAtoms [&Type "Integer"] 4
   &NCorelessECP [&Type "Integer"] 0
   &NGhostAtoms [&Type "Integer"] 0
   &CartesianCoordinates [&Type "Coordinates", &Dim(4,4), &Units "Bohr"] 
              Al    -2.579603501136    1.176158016739   -0.394041538543
              H     -1.017674079761    0.783750484708    2.155500817872
              H     -2.452172509117    3.814193276241   -1.849523937670
              H     -4.269304977956   -1.069345108372   -1.487834656520
$End
$SCF_Energy
   &GeometryIndex 2
   &Method [&Type "String"] "SCF"
   &totalEnergy [&Type "ArrayOfDoubles", &Dim (1,1)] "Total energy of each state"
                                                         0

0                                     -2.4405362994984074e+02
   &Mult [&Type "ArrayOfIntegers", &Dim (1,1)] "Multiplicity of each state"
                                                         0

0                                                        1
$End
$DFT_Energy
   &GeometryIndex 2
   &nAlphaEl [&Type "Integer"] 8
   &nBetaEl [&Type "Integer"] 8
   &nTotalEl [&Type "Integer"] 16
   &finalEn [&Type "Double"]      -2.4405362994984074e+02  "No Van der Waals correction"
   &eExchange [&Type "Double"]      -1.9030449388048815e+01
   &eCorr [&Type "Double"]      -5.3173488997544105e-01
   &eXC [&Type "Double"]      -1.9562184278024255e+01
   &eCNL [&Type "Double"]       0.0000000000000000e+00
$End
$Solvation_Details
   &GeometryIndex 2
   &Solvent [&Type "String"] "CUSTOM"
   &Epsilon [&Type "Double"]       1.9577854876666700e+00
   &Refrac [&Type "Double"]       1.0000000000000000e+00
   &RSolv [&Type "Double"]       1.3000000000000000e+00
   &SurfaceType [&Type "String"] "GAUSSIAN VDW"
   &CPCMDielEnergy [&Type "Double"]      -3.1177150000000001e-03
   &NPoints [&Type "Integer"] 459
   &SurfaceArea [&Type "Double"]       2.5560153066800001e+02
$End
$SCF_Timings
   &GeometryIndex 2
   &TOTAL [&Type "Double"]       3.2958900000000002e-01
   &PREP [&Type "Double"]       6.2997399999999992e-01
   &FOCK [&Type "Double"]       1.6805899999999996e-01
   &DENS [&Type "Double"]       5.9749999999999526e-03
   &ETOT [&Type "Double"]       4.6489999999999032e-03
   &TRAFO [&Type "Double"]       8.3469999999999933e-03
   &DIIS [&Type "Double"]       1.1190000000000033e-02
   &SOSCF [&Type "Double"]       1.8349999999999977e-02
   &XC [&Type "Double"]       1.3806600000000002e-01
   &FOCKSTART [&Type "Double"]       4.3959999999998445e-03
   &SOLV [&Type "Double"]       5.0713000000000008e-02
   &SOLV_INIT [&Type "Double"]       1.7719000000000040e-02
   &SOLV_FINAL [&Type "Double"]       1.0000000000287557e-06
   &INT_PREP [&Type "Double"]       1.0000000000287557e-06
   &INT_BF [&Type "Double"]       2.0525999999999600e-02
   &INT_DENS [&Type "Double"]       9.9430000000002572e-03
   &INT_DENSIO [&Type "Double"]       6.8242913999999999e+01
   &INT_FUNC [&Type "Double"]       6.9309999999993543e-03
   &INT_POT [&Type "Double"]       9.6019999999998884e-03
   &INT_POTIO [&Type "Double"]       7.8900000000048376e-04
   &INT_SUM [&Type "Double"]       2.0499999999989971e-04
   &SPLITRIJ [&Type "Double"]       2.0502999999999938e-02
$End
$VdW_Correction
   &GeometryIndex 2
   &vdW [&Type "Double"]      -1.0796161098468446e-03
$End
$Single_Point_Data
   &GeometryIndex 2
   &FinalEnergy [&Type "Double"]      -2.4405470956595059e+02  "Final single point energy"
   &Converged [&Type "Boolean"] true
$End
$SCF_Dipole_Moment
   &GeometryIndex 2
   &dipoleMagnitude [&Type "Double", &Units "a.u."]       3.6276503918197860e-04
   &dipoleElecContrib [&Type "ArrayOfDoubles", &Dim (3,1)] "Electronic contribution"
                                                         0

0                                      4.4604845724812033e-04
1                                     -1.0086835147579752e-05
2                                     -3.3840107159191295e-04
   &dipoleNucContrib [&Type "ArrayOfDoubles", &Dim (3,1)] "Nuclear contribution"
                                                         0

0                                     -1.5774439217497438e-04
1                                      5.7629526173386125e-05
2                                      1.2341518311309585e-04
   &dipoleTotal [&Type "ArrayOfDoubles", &Dim (3,1)] "Total"
                                                         0

0                                      2.8830406507314595e-04
1                                      4.7542691025806373e-05
2                                     -2.1498588847881710e-04
   &doAtomicDipole [&Type "Boolean"] false
   &Method [&Type "String"] "SCF"
   &Level [&Type "String"] "Relaxed density"
   &Mult [&Type "Integer"] 1
   &State [&Type "Integer"] -1
   &Irrep [&Type "Integer"] 0
$End
$THERMOCHEMISTRY_Energies
   &GeometryIndex 2
   &temperature [&Type "Double"]       2.9814999999999998e+02
   &pressure [&Type "Double"]       1.0000000000000000e+00
   &totalMass [&Type "Double"]       3.0006000000000000e+01
   &spinDegeneracy [&Type "Integer"] 1
   &elEnergy [&Type "Double"]      -2.4405470956595059e+02
   &transEnergy [&Type "Double"]       1.4162714244859817e-03
   &rotEnergy [&Type "Double"]       1.4162714244859817e-03
   &vibEnergy [&Type "Double"]       3.2863319598623592e-04
   &numOfFreqs [&Type "Integer"] 12
   &freqScalingFactor [&Type "Double"]       1.0000000000000000e+00
   &FREQ [&Type "ArrayOfDoubles", &Units "cm^-1", &Dim (12,1)] 
                                                         0

0                                      0.0000000000000000e+00
1                                      0.0000000000000000e+00
2                                      0.0000000000000000e+00
3                                      0.0000000000000000e+00
4                                      0.0000000000000000e+00
5                                      0.0000000000000000e+00
6                                      6.5093004872674067e+02
7                                      7.4476442069258451e+02
8                                      7.4568297412710035e+02
9                                      1.8655456940591744e+03
10                                     1.8722595809630632e+03
11                                     1.8725815659021885e+03
   &zpe [&Type "Double"]       1.7659818464686082e-02
   &innerEnergyU [&Type "Double"]      -2.4403388857144094e+02
   &enthalpyH [&Type "Double"]      -2.4403294436239869e+02
   &qEl [&Type "Double"]       0.0000000000000000e+00
   &qRot [&Type "Double"]       6.7094253661292135e-03
   &qVib [&Type "Double"]       4.2356403355331293e-04
   &qTrans [&Type "Double"]       1.7166373066897306e-02
   &entropyS [&Type "Double"]       2.4299362466579835e-02
   &freeEnergyG [&Type "Double"]      -2.4405724372486529e+02
   &isLinear [&Type "Boolean"] false
$End
$Hessian
   &GeometryIndex 2
   &HESSIAN [&Type "ArrayOfDoubles", &Dim (12,12)] "The Hessian"
                                                         0                           1                           2                           3                           4                           5                           6                           7

0                                      1.0794259094486466e-01         4.2635927509775420e-02         6.8390259855321114e-02        -4.3808780988197848e-02         6.7732614063845901e-03        -4.7415036951980474e-02        -1.5407243404634771e-02        -4.4142155717391673e-03
1                                      4.2635927509775420e-02         1.9088919166750534e-01        -2.8887915915504755e-02         6.7741611380946424e-03        -1.7853596416528724e-02         1.2078331540730541e-02        -4.4148553465821454e-03        -9.7751431848458414e-02
2                                      6.8390259855321114e-02        -2.8887915915504755e-02         1.6255942222770070e-01        -4.7423915056912035e-02         1.2080829451785806e-02        -9.2080117306014786e-02         1.4399267791067860e-03         4.5343728178459879e-02
3                                     -4.3808780988197848e-02         6.7741611380946424e-03        -4.7423915056912035e-02         3.9123415636440520e-02        -5.5865923501973950e-03         5.4068837647169424e-02         3.6965919500774108e-03        -6.4415140193292003e-04
4                                      6.7732614063845901e-03        -1.7853596416528724e-02         1.2080829451785806e-02        -5.5865923501973950e-03         1.4444912707813670e-02        -1.4243612948510870e-02         2.7562815486241034e-03         7.8604694391328726e-04
5                                     -4.7415036951980474e-02         1.2078331540730541e-02        -9.2080117306014786e-02         5.4068837647169424e-02        -1.4243612948510870e-02         9.3541235931500363e-02        -3.4165996965508276e-03         1.5809175376998094e-03
6                                     -1.5407243404634771e-02        -4.4148553465821454e-03         1.4399267791067860e-03         3.6965919500774108e-03         2.7562815486241034e-03        -3.4165996965508276e-03         8.4089438626966124e-03         6.5109052629725413e-03
7                                     -4.4142155717391673e-03        -9.7751431848458414e-02         4.5343728178459879e-02        -6.4415140193292003e-04         7.8604694391328726e-04         1.5809175376998094e-03         6.5109052629725413e-03         1.0084456207132583e-01
8                                      1.4388998883486507e-03         4.5351846461042053e-02        -4.0630526229974359e-02        -1.2948385147874579e-03         6.5934778239526860e-03        -1.1731867975051692e-03         1.2334528980849266e-03        -5.0221937402336402e-02
9                                     -4.8726566552032044e-02        -4.4994173714773336e-02        -2.2405476781746599e-02         9.8877340167991424e-04        -3.9424462110666750e-03        -3.2376393838096304e-03         3.3017075918607471e-03        -1.4535906846006204e-03
10                                    -4.4996032930935431e-02        -7.5284163402518200e-02        -2.8535041241957937e-02        -5.4392177970895121e-04         2.6226367648017673e-03         5.8334578325701034e-04        -4.8512790697143333e-03        -3.8791771667807170e-03
11                                    -2.2414917587458557e-02        -2.8543862559050830e-02        -2.9848778691711545e-02        -5.3496456902984227e-03        -4.4296762404041146e-03        -2.8793182798040901e-04         7.4292726179342222e-04         3.2974000996824947e-03
                                                         8                           9                          10                          11

0                                      1.4388998883486507e-03        -4.8726566552032044e-02        -4.4996032930935431e-02        -2.2414917587458557e-02
1                                      4.5351846461042053e-02        -4.4994173714773336e-02        -7.5284163402518200e-02        -2.8543862559050830e-02
2                                     -4.0630526229974359e-02        -2.2405476781746599e-02        -2.8535041241957937e-02        -2.9848778691711545e-02
3                                     -1.2948385147874579e-03         9.8877340167991424e-04        -5.4392177970895121e-04        -5.3496456902984227e-03
4                                      6.5934778239526860e-03        -3.9424462110666750e-03         2.6226367648017673e-03        -4.4296762404041146e-03
5                                     -1.1731867975051692e-03        -3.2376393838096304e-03         5.8334578325701034e-04        -2.8793182798040901e-04
6                                      1.2334528980849266e-03         3.3017075918607471e-03        -4.8512790697143333e-03         7.4292726179342222e-04
7                                     -5.0221937402336402e-02        -1.4535906846006204e-03        -3.8791771667807170e-03         3.2974000996824947e-03
8                                      3.7913313836071383e-02        -1.3772215140804268e-03        -1.7234952961641221e-03         3.8903991914081390e-03
9                                     -1.3772215140804268e-03         4.4436085558491378e-02         5.0390722195399675e-02         2.7020986847800105e-02
10                                    -1.7234952961641221e-03         5.0390722195399675e-02         7.6540703804497151e-02         2.9675664727318751e-02
11                                     3.8903991914081390e-03         2.7020986847800105e-02         2.9675664727318751e-02         2.6246311328283815e-02
   &MODES [&Type "ArrayOfDoubles", &Dim (12,12)] "The modes of vibrations"
                                                         0                           1                           2                           3                           4                           5                           6                           7

0                                      0.0000000000000000e+00         0.0000000000000000e+00         0.0000000000000000e+00         0.0000000000000000e+00         0.0000000000000000e+00         0.0000000000000000e+00        -4.7739509445016821e-02         1.1139659303365929e-02
1                                      0.0000000000000000e+00         0.0000000000000000e+00         0.0000000000000000e+00         0.0000000000000000e+00         0.0000000000000000e+00         0.0000000000000000e+00         2.0244731793279781e-02         4.0741543199372114e-02
2                                      0.0000000000000000e+00         0.0000000000000000e+00         0.0000000000000000e+00         0.0000000000000000e+00         0.0000000000000000e+00         0.0000000000000000e+00         3.2344394812695514e-02        -9.1705011130318228e-03
3                                      0.0000000000000000e+00         0.0000000000000000e+00         0.0000000000000000e+00         0.0000000000000000e+00         0.0000000000000000e+00         0.0000000000000000e+00         4.2567112321339395e-01        -2.7453057655430074e-01
4                                      0.0000000000000000e+00         0.0000000000000000e+00         0.0000000000000000e+00         0.0000000000000000e+00         0.0000000000000000e+00         0.0000000000000000e+00        -1.8136265952639805e-01        -7.2919360750917328e-01
5                                      0.0000000000000000e+00         0.0000000000000000e+00         0.0000000000000000e+00         0.0000000000000000e+00         0.0000000000000000e+00         0.0000000000000000e+00        -2.8856487086881921e-01         5.1267069300201737e-02
6                                      0.0000000000000000e+00         0.0000000000000000e+00         0.0000000000000000e+00         0.0000000000000000e+00         0.0000000000000000e+00         0.0000000000000000e+00         4.2580500635511176e-01        -1.7088532379969887e-01
7                                      0.0000000000000000e+00         0.0000000000000000e+00         0.0000000000000000e+00         0.0000000000000000e+00         0.0000000000000000e+00         0.0000000000000000e+00        -1.8005700964449531e-01        -7.9983344259682509e-02
8                                      0.0000000000000000e+00         0.0000000000000000e+00         0.0000000000000000e+00         0.0000000000000000e+00         0.0000000000000000e+00         0.0000000000000000e+00        -2.8919628467190678e-01        -2.0040904978685772e-01
9                                      0.0000000000000000e+00         0.0000000000000000e+00         0.0000000000000000e+00         0.0000000000000000e+00         0.0000000000000000e+00         0.0000000000000000e+00         4.2640823932578381e-01         1.4723109150140096e-01
10                                     0.0000000000000000e+00         0.0000000000000000e+00         0.0000000000000000e+00         0.0000000000000000e+00         0.0000000000000000e+00         0.0000000000000000e+00        -1.8048841936707785e-01        -2.8138685637147992e-01
11                                     0.0000000000000000e+00         0.0000000000000000e+00         0.0000000000000000e+00         0.0000000000000000e+00         0.0000000000000000e+00         0.0000000000000000e+00        -2.8802898417767697e-01         3.9461664420870418e-01
                                                         8                           9                          10                          11

0                                     -2.4609060788804673e-02        -6.8887860035434889e-04        -1.3006029076014515e-02        -2.3594212631733034e-02
1                                     -1.2757148230105038e-03        -5.6997376076424911e-04         2.3500225613087497e-02        -3.3333787992728486e-02
2                                     -3.5518195632339655e-02        -6.7468391847042659e-04        -3.3842844538688015e-02        -1.4052876719816493e-02
3                                      3.5894864123152376e-02         3.0556684918016497e-01         3.6519541949214140e-01         1.7385900295954757e-01
4                                      1.2776350563318187e-01        -7.7373633481810269e-02        -8.2082800591461128e-02        -6.3045968662568189e-02
5                                     -2.6569285860943013e-02         4.9922017012376196e-01         5.9015716343439184e-01         2.9593687654121709e-01
6                                      4.6292645155777506e-01         2.4070246676977249e-02        -3.5684793343711677e-02         6.3908716052585978e-03
7                                      2.6982719771198649e-01         5.0615800778759079e-01        -5.9175009561205771e-01         3.5654080985819631e-01
8                                      5.1492975096150295e-01        -2.7975765961347598e-01         3.1608441992607561e-01        -2.1261972622757849e-01
9                                      1.5991050793368344e-01        -3.1119729189408568e-01         1.8632902154173077e-02         4.5131663855961923e-01
10                                    -3.6344255120779778e-01        -4.1352739810246608e-01         4.4782214167480454e-02         5.9877923382401466e-01
11                                     4.6238552155796042e-01        -2.0140266776408661e-01        -3.4115544094367138e-04         2.9284824616859229e-01
$End
$Calculation_Info
   &GeometryIndex 2
   &Mult [&Type "Integer"] 1
   &Charge [&Type "Integer"] 0
   &NumOfAtoms [&Type "Integer"] 4
   &NumOfElectrons [&Type "Integer"] 16
   &NumOfBasisFuncts [&Type "Integer"] 55
   &NumOfAuxCBasisFuncts [&Type "Integer"] 0
   &NumOfAuxJBasisFuncts [&Type "Integer"] 84
   &NumOfAuxJKBasisFuncts [&Type "Integer"] 0
   &NumOfCABSBasisFuncts [&Type "Integer"] 0
$End
$Calculation_Timings
   &GeometryIndex 2
   &GTOINT [&Type "Double"]       6.3048380000000002e+00
   &SCF [&Type "Double"]       6.0809590000000018e+00
   &SCFGRAD [&Type "Double"]       2.0461160000000014e+00
   &GSTEP [&Type "Double"]       1.2632500000000046e-01
   &PROPINT [&Type "Double"]       4.8043910000000007e+00
   &RESPONSE [&Type "Double"]       1.9827060000000003e+00
   &PROP [&Type "Double"]       2.9164239999999992e+00
   &SUM [&Type "Double"]       2.4261759000000005e+01
$End
