
$orca_hessian_file

$act_atom
  0

$act_coord
  0

$act_energy
        0.000000

$multiplicity
  1

$hessian
12
                    0                  1                  2                  3                  4        
    0      1.0794259094E-01   4.2635927510E-02   6.8390259855E-02  -4.3808780988E-02   6.7732614064E-03
    1      4.2635927510E-02   1.9088919167E-01  -2.8887915916E-02   6.7741611381E-03  -1.7853596417E-02
    2      6.8390259855E-02  -2.8887915916E-02   1.6255942223E-01  -4.7423915057E-02   1.2080829452E-02
    3     -4.3808780988E-02   6.7741611381E-03  -4.7423915057E-02   3.9123415636E-02  -5.5865923502E-03
    4      6.7732614064E-03  -1.7853596417E-02   1.2080829452E-02  -5.5865923502E-03   1.4444912708E-02
    5     -4.7415036952E-02   1.2078331541E-02  -9.2080117306E-02   5.4068837647E-02  -1.4243612949E-02
    6     -1.5407243405E-02  -4.4148553466E-03   1.4399267791E-03   3.6965919501E-03   2.7562815486E-03
    7     -4.4142155717E-03  -9.7751431848E-02   4.5343728178E-02  -6.4415140193E-04   7.8604694391E-04
    8      1.4388998883E-03   4.5351846461E-02  -4.0630526230E-02  -1.2948385148E-03   6.5934778240E-03
    9     -4.8726566552E-02  -4.4994173715E-02  -2.2405476782E-02   9.8877340168E-04  -3.9424462111E-03
   10     -4.4996032931E-02  -7.5284163403E-02  -2.8535041242E-02  -5.4392177971E-04   2.6226367648E-03
   11     -2.2414917587E-02  -2.8543862559E-02  -2.9848778692E-02  -5.3496456903E-03  -4.4296762404E-03
                    5                  6                  7                  8                  9        
    0     -4.7415036952E-02  -1.5407243405E-02  -4.4142155717E-03   1.4388998883E-03  -4.8726566552E-02
    1      1.2078331541E-02  -4.4148553466E-03  -9.7751431848E-02   4.5351846461E-02  -4.4994173715E-02
    2     -9.2080117306E-02   1.4399267791E-03   4.5343728178E-02  -4.0630526230E-02  -2.2405476782E-02
    3      5.4068837647E-02   3.6965919501E-03  -6.4415140193E-04  -1.2948385148E-03   9.8877340168E-04
    4     -1.4243612949E-02   2.7562815486E-03   7.8604694391E-04   6.5934778240E-03  -3.9424462111E-03
    5      9.3541235932E-02  -3.4165996966E-03   1.5809175377E-03  -1.1731867975E-03  -3.2376393838E-03
    6     -3.4165996966E-03   8.4089438627E-03   6.5109052630E-03   1.2334528981E-03   3.3017075919E-03
    7      1.5809175377E-03   6.5109052630E-03   1.0084456207E-01  -5.0221937402E-02  -1.4535906846E-03
    8     -1.1731867975E-03   1.2334528981E-03  -5.0221937402E-02   3.7913313836E-02  -1.3772215141E-03
    9     -3.2376393838E-03   3.3017075919E-03  -1.4535906846E-03  -1.3772215141E-03   4.4436085558E-02
   10      5.8334578326E-04  -4.8512790697E-03  -3.8791771668E-03  -1.7234952962E-03   5.0390722195E-02
   11     -2.8793182798E-04   7.4292726179E-04   3.2974000997E-03   3.8903991914E-03   2.7020986848E-02
                   10                 11        
     0     -4.4996032931E-02  -2.2414917587E-02
     1     -7.5284163403E-02  -2.8543862559E-02
     2     -2.8535041242E-02  -2.9848778692E-02
     3     -5.4392177971E-04  -5.3496456903E-03
     4      2.6226367648E-03  -4.4296762404E-03
     5      5.8334578326E-04  -2.8793182798E-04
     6     -4.8512790697E-03   7.4292726179E-04
     7     -3.8791771668E-03   3.2974000997E-03
     8     -1.7234952962E-03   3.8903991914E-03
     9      5.0390722195E-02   2.7020986848E-02
    10      7.6540703804E-02   2.9675664727E-02
    11      2.9675664727E-02   2.6246311328E-02

$vibrational_frequencies
12
    0        0.0000000000000000
    1        0.0000000000000000
    2        0.0000000000000000
    3        0.0000000000000000
    4        0.0000000000000000
    5        0.0000000000000000
    6      650.9300487267406652
    7      744.7644206925845083
    8      745.6829741271003513
    9     1865.5456940591743660
   10     1872.2595809630631720
   11     1872.5815659021884585

$normal_modes
12 12
                    0                  1                  2                  3                  4        
    0      0.0000000000E+00   0.0000000000E+00   0.0000000000E+00   0.0000000000E+00   0.0000000000E+00
    1      0.0000000000E+00   0.0000000000E+00   0.0000000000E+00   0.0000000000E+00   0.0000000000E+00
    2      0.0000000000E+00   0.0000000000E+00   0.0000000000E+00   0.0000000000E+00   0.0000000000E+00
    3      0.0000000000E+00   0.0000000000E+00   0.0000000000E+00   0.0000000000E+00   0.0000000000E+00
    4      0.0000000000E+00   0.0000000000E+00   0.0000000000E+00   0.0000000000E+00   0.0000000000E+00
    5      0.0000000000E+00   0.0000000000E+00   0.0000000000E+00   0.0000000000E+00   0.0000000000E+00
    6      0.0000000000E+00   0.0000000000E+00   0.0000000000E+00   0.0000000000E+00   0.0000000000E+00
    7      0.0000000000E+00   0.0000000000E+00   0.0000000000E+00   0.0000000000E+00   0.0000000000E+00
    8      0.0000000000E+00   0.0000000000E+00   0.0000000000E+00   0.0000000000E+00   0.0000000000E+00
    9      0.0000000000E+00   0.0000000000E+00   0.0000000000E+00   0.0000000000E+00   0.0000000000E+00
   10      0.0000000000E+00   0.0000000000E+00   0.0000000000E+00   0.0000000000E+00   0.0000000000E+00
   11      0.0000000000E+00   0.0000000000E+00   0.0000000000E+00   0.0000000000E+00   0.0000000000E+00
                    5                  6                  7                  8                  9        
    0      0.0000000000E+00  -5.0439163869E-02   1.1465753192E-02  -2.5329693859E-02  -6.9163989518E-04
    1      0.0000000000E+00   2.1389565085E-02   4.1934180057E-02  -1.3130718883E-03  -5.7225843849E-04
    2      0.0000000000E+00   3.4173460288E-02  -9.4389513673E-03  -3.6558283533E-02  -6.7738831546E-04
    3      0.0000000000E+00   4.4974269295E-01  -2.8256697524E-01   3.6945982099E-02   3.0679168061E-01
    4      0.0000000000E+00  -1.9161866156E-01  -7.5053946494E-01   1.3150483523E-01  -7.7683777263E-02
    5      0.0000000000E+00  -3.0488312464E-01   5.2767822380E-02  -2.7347320676E-02   5.0122123979E-01
    6      0.0000000000E+00   4.4988414714E-01  -1.7588769042E-01   4.7648243864E-01   2.4166729639E-02
    7      0.0000000000E+00  -1.9023917759E-01  -8.2324715668E-02   2.7772861271E-01   5.0818688702E-01
    8      0.0000000000E+00  -3.0555024470E-01  -2.0627567144E-01   5.3000856322E-01  -2.8087903772E-01
    9      0.0000000000E+00   4.5052149275E-01   1.5154102217E-01   1.6459320596E-01  -3.1244469234E-01
   10      0.0000000000E+00  -1.9069498339E-01  -2.8962396056E-01  -3.7408532721E-01  -4.1518497763E-01
   11      0.0000000000E+00  -3.0431693373E-01   4.0616835084E-01   4.7592566846E-01  -2.0220996842E-01
                   10                 11        
     0     -1.3386518674E-02  -2.4283979521E-02
     1      2.4187721492E-02  -3.4308287274E-02
     2     -3.4832912317E-02  -1.4463706664E-02
     3      3.7587916144E-01   1.7894169784E-01
     4     -8.4484121673E-02  -6.4889091058E-02
     5      6.0742213036E-01   3.0458846674E-01
     6     -3.6728747082E-02   6.5777060505E-03
     7     -6.0906166355E-01   3.6696413058E-01
     8      3.2533142631E-01  -2.1883557456E-01
     9      1.9178005153E-02   4.6451069080E-01
    10      4.6092311705E-02   6.1628429306E-01
    11     -3.5113589661E-04   3.0140954156E-01

#
# The atoms: label  mass x y z (in bohrs)
#
$atoms
4
 Al    26.98200      0.000011457440    -0.000004185802    -0.000008964008
 H      1.00800      1.561940878814    -0.392411717833     2.549533392408
 H      1.00800      0.127442449458     2.638031073700    -1.455491363135
 H      1.00800     -1.689690019380    -2.245507310913    -1.093802081984

$actual_temperature
  0.000000

$frequency_scale_factor
  1.000000

$dipole_derivatives
12
    1.1341886798E+00    6.9262159379E-02    1.1130530748E-01
    6.9313970851E-02    1.2705506979E+00   -4.7663575570E-02
    1.1089191942E-01   -4.7568437000E-02    1.2229166236E+00
   -3.8150776918E-01   -1.3145389734E-02   -4.8649244413E-02
   -1.3217496079E-02   -4.0214801720E-01    1.7102708714E-02
   -4.8388630351E-02    1.7029809203E-02   -4.2578246369E-01
   -3.6872631671E-01   -1.8533906523E-02   -2.5745147076E-02
   -1.8551245393E-02   -4.3995176182E-01    3.2550540974E-02
   -2.5672204521E-02    3.2503804511E-02   -4.0133635278E-01
   -3.8423008961E-01   -3.7546544347E-02   -3.6812453941E-02
   -3.7396739104E-02   -4.2852485646E-01   -2.0813443782E-03
   -3.6647662046E-02   -2.0460345976E-03   -3.9601402972E-01

#
# The IR spectrum
#  wavenumber eps Int TX TY TZ
#
$ir_spectrum
12
      0.00   0.00000000   0.00000000     0.000000     0.000000     0.000000
      0.00   0.00000000   0.00000000     0.000000     0.000000     0.000000
      0.00   0.00000000   0.00000000     0.000000     0.000000     0.000000
      0.00   0.00000000   0.00000000     0.000000     0.000000     0.000000
      0.00   0.00000000   0.00000000     0.000000     0.000000     0.000000
      0.00   0.00000000   0.00000000     0.000000     0.000000     0.000000
    650.93   0.07525941 380.33020786    -0.148395     0.062996     0.100452
    744.76   0.05355761 270.65819808     0.038513     0.141240    -0.031769
    745.68   0.05344827 270.10566138    -0.085169    -0.004461    -0.122858
   1865.55   0.00004622   0.23356212    -0.001666    -0.001448    -0.001691
   1872.26   0.06665117 336.82768675    -0.031644     0.057419    -0.082529
   1872.58   0.06646680 335.89594931    -0.057464    -0.081265    -0.034214


$end

