
$orca_hessian_file

$act_atom
  0

$act_coord
  0

$act_energy
        0.000000

$multiplicity
  1

$hessian
48
                    0                  1                  2                  3                  4        
    0      2.4309011162E-01  -3.2229738730E-02   2.8898500911E-02   2.7929092331E-03  -6.7429910755E-04
    1     -3.2229738730E-02   1.5935171504E-01   5.5169268026E-03  -2.8458270511E-03  -2.8450878962E-03
    2      2.8898500911E-02   5.5169268026E-03   1.1617845597E-01  -9.3554463178E-03  -1.4719279392E-02
    3      2.7929092331E-03  -2.8458270511E-03  -9.3554463178E-03   1.8607123120E-01   4.7376222769E-03
    4     -6.7429910755E-04  -2.8450878962E-03  -1.4719279392E-02   4.7376222769E-03   1.1370584626E-01
    5     -2.2809361928E-03  -6.0657203464E-03  -1.1039648421E-02  -5.1205777421E-02  -2.0829234350E-02
    6     -1.1473924835E-03   1.1516073176E-04  -5.5894614931E-04  -2.1294955317E-02   2.1347757596E-02
    7      4.8711506443E-04   7.2457179269E-05   5.7850401563E-03   2.2716081889E-02  -4.8616583472E-02
    8      2.5046176702E-05   8.8948638038E-04  -1.3701165773E-03  -4.5070673202E-03   7.8855769942E-03
    9     -1.5165343845E-03   1.5559166164E-03   3.2741240085E-03  -1.0996960507E-01  -2.9816934113E-03
   10     -3.6231711934E-05  -1.5764905006E-04   3.0821142098E-03  -3.0824935658E-03  -1.3094801502E-02
   11      7.5112185298E-04   1.6657480711E-03   8.5166046732E-04   5.2005897019E-02   1.9627560878E-03
   12     -1.0512812618E-02   1.8754990708E-03   4.1084837523E-03  -3.3114650791E-02  -2.0055842212E-02
   13      1.6492908558E-03  -2.0563265582E-02  -1.9585049317E-02  -1.9368886082E-02  -2.4525204477E-02
   14      2.1623092945E-03  -2.1511326986E-02  -5.1150045910E-02  -1.7875379734E-02  -1.5369681768E-02
   15     -8.5236701906E-02   6.3197115642E-02  -2.7553918608E-03  -1.7530052895E-03  -3.5472451711E-04
   16      6.2884120310E-02  -6.9584852132E-02   1.5627328767E-03   1.1513954925E-03   7.2501646022E-04
   17     -3.0372813330E-03   1.7418758885E-03  -1.3490199086E-02   2.3712834882E-03   2.7507803785E-03
   18     -1.5730009489E-02  -1.6454144741E-02   8.3364027809E-03  -2.2955616877E-03  -1.4782775029E-03
   19     -1.6008547962E-02  -4.6516105144E-02   1.8933455782E-02  -1.4630181572E-03  -4.4278440615E-03
   20      8.9785120025E-03   2.0418673735E-02  -1.8933760519E-02   2.0828817091E-03   3.7779299605E-03
   21     -9.0323947141E-04   8.9979533775E-04   1.9376635476E-03  -1.9219158975E-02  -5.5606725068E-03
   22     -1.4449871128E-04   5.9594963706E-04   2.3262824461E-03  -5.5141789871E-03  -1.8369076767E-02
   23      3.9425185379E-05   1.7586593231E-03   3.0166583952E-03   2.5616815072E-02   2.6358078285E-02
   24      3.3374339205E-03   1.3441928427E-03  -7.9877443871E-04  -1.3733543426E-03   6.2037131254E-03
   25      5.9114236446E-04  -3.5604542262E-03  -2.8519612665E-03   4.7275573451E-03  -9.3290082673E-03
   26     -6.9552121148E-04  -3.0405885872E-03   7.2743050083E-03  -6.2100146711E-03   1.5011287671E-02
   27     -1.2365508762E-03  -3.6968063585E-04   1.1474188439E-03  -1.7737893164E-03   1.6668099243E-03
   28      1.7958601469E-03   2.8052098564E-03  -3.1324349192E-03   1.6498526243E-04  -1.2274141212E-03
   29      9.7924932025E-04   8.7929158528E-04  -2.9342929462E-03   2.3036694340E-03  -5.1739084053E-03
   30     -7.1318890424E-04  -1.3274461237E-04   1.1856800353E-04   7.0015605482E-05  -1.4365009867E-03
   31      2.6118863318E-05   4.9975195833E-04   5.6167891862E-04  -1.6443919988E-03   2.7544244998E-03
   32      1.5405508662E-04   5.6377694600E-04  -1.4858133982E-03   1.4201073224E-03  -2.8535502646E-03
   33     -1.2927483805E-01  -1.4565762924E-02  -3.5783279738E-02   6.7464523092E-05   7.3152371862E-04
   34     -1.4376913967E-02  -1.5703339269E-02  -4.7006819285E-03   9.4651937459E-04   3.1003498536E-04
   35     -3.6235270975E-02  -5.0098071033E-03  -2.3707355940E-02   2.0779935705E-03   3.1752289597E-03
   36     -2.2307146780E-03  -3.7383212067E-03   2.8390789396E-03   2.8893382727E-03  -2.6457005989E-04
   37     -5.9394002705E-03  -1.1485809596E-02   1.1011269786E-02   1.9098102392E-04   7.3365960920E-03
   38      1.5581904883E-03   5.2743433758E-03  -2.1814716724E-03  -8.2977034432E-05   3.0199276456E-03
   39      3.9682036396E-04   2.1304607859E-03  -1.3381848724E-03  -7.0869417919E-04   1.0736185548E-04
   40      8.9461822783E-04   2.6076291409E-03  -2.1938195126E-03   3.5890940011E-05  -1.3185631145E-03
   41     -3.4676875135E-04  -1.5442352370E-03   1.8942660901E-04  -2.2838071314E-04  -5.0831704955E-04
   42     -1.7127963575E-04   3.3507624870E-04  -9.4530112817E-05  -5.7962653079E-04   1.3760867268E-04
   43      1.8834531799E-03   2.7706764991E-03  -2.1053390759E-03  -9.6878759524E-05  -1.4341936138E-03
   44     -9.9774165940E-04  -2.1356146327E-03   5.3226166808E-04   4.8946121775E-04  -6.9257292684E-04
   45     -9.4401263986E-04  -1.1177452103E-03   2.4530974162E-05   1.9144266687E-04  -2.1264092567E-03
   46     -8.0134071732E-04   1.7131735785E-03   5.1006551011E-04  -6.5476661152E-04   3.5585899236E-04
   47      4.6891532959E-05   5.9750970967E-04  -1.7500636505E-03   1.0948054401E-03  -3.7955885966E-03
                    5                  6                  7                  8                  9        
    0     -2.2809361928E-03  -1.1473924835E-03   4.8711506443E-04   2.5046176702E-05  -1.5165343845E-03
    1     -6.0657203464E-03   1.1516073176E-04   7.2457179269E-05   8.8948638038E-04   1.5559166164E-03
    2     -1.1039648421E-02  -5.5894614931E-04   5.7850401563E-03  -1.3701165773E-03   3.2741240085E-03
    3     -5.1205777421E-02  -2.1294955317E-02   2.2716081889E-02  -4.5070673202E-03  -1.0996960507E-01
    4     -2.0829234350E-02   2.1347757596E-02  -4.8616583472E-02   7.8855769942E-03  -2.9816934113E-03
    5      2.2244665577E-01  -4.6539581369E-03   9.7507848610E-03  -1.2484435741E-02   5.1298571116E-02
    6     -4.6539581369E-03   4.1684927537E-02  -4.2508657862E-02   2.7735281425E-02  -3.3794632441E-03
    7      9.7507848610E-03  -4.2508657862E-02   8.8421160496E-02  -4.0134324769E-02   2.6417068236E-03
    8     -1.2484435741E-02   2.7735281425E-02  -4.0134324769E-02   6.0213443005E-02   3.1744478259E-05
    9      5.1298571116E-02  -3.3794632441E-03   2.6417068236E-03   3.1744478259E-05   1.1839960899E-01
   10      1.9935840566E-03   6.8369124321E-03  -2.0450556078E-03   1.6649194802E-04   2.7893471964E-03
   11     -4.3019026921E-02  -2.8322546934E-04   1.6629632209E-05   1.8635925997E-03  -5.4427110348E-02
   12     -1.8493522306E-02   1.3747852566E-03   2.6314223642E-04   6.5436711876E-04  -4.5618852235E-03
   13     -1.6682410373E-02  -1.2328372361E-03  -6.8516206561E-03  -1.0769705084E-03  -2.5260209538E-03
   14     -2.6686916887E-02   1.9584580956E-04  -3.4068360906E-03   1.3574203339E-03  -1.1472150766E-03
   15     -2.1333785443E-04   3.1060250998E-04  -4.5663762344E-05   2.9291938707E-05   4.0732428811E-04
   16      1.7090484967E-03   9.0253018644E-05  -4.4572100520E-04  -1.9986946145E-04  -1.9197697184E-04
   17      1.8307031485E-03   2.3276890032E-04  -1.3445042222E-03   2.4661095114E-04  -2.5344338572E-04
   18     -4.6970719090E-04   3.2064371711E-04   3.1779120132E-04  -1.1375947601E-04   3.3868700680E-04
   19     -9.0880812535E-04  -2.7929652314E-04   1.6849314425E-03  -1.1450238341E-03   2.8412671128E-04
   20      2.1960432253E-03   2.3024341535E-04  -1.0556441439E-03   5.2152966414E-04  -6.2220647147E-04
   21      2.5517826003E-02   9.1185019212E-04   1.9611830198E-03  -2.8179671124E-03   6.6211603587E-04
   22      2.6618815772E-02   1.6419717687E-03  -3.5251086587E-03   6.8663637609E-03  -8.0651610213E-05
   23     -1.3094851658E-01  -6.3656056286E-04   2.1938663113E-03  -1.6797355073E-03   1.1420567183E-03
   24     -1.6740273600E-03  -1.8226794385E-02   1.1557681400E-02  -1.7760356486E-02   1.0887723499E-04
   25      3.6533226011E-03   1.0757536535E-02  -2.3817906245E-02   2.0729351301E-02  -1.6783637964E-03
   26     -1.3544241299E-03  -1.6328552364E-02   1.9199184841E-02  -4.0619760109E-02   2.2942808185E-03
   27      2.9629634272E-05   1.2156867153E-03  -1.1021455904E-03   9.4541299337E-04   3.8882878629E-04
   28     -8.1227125095E-04  -9.1164150110E-04   1.1667745441E-03   8.2886470088E-04   3.0098902603E-05
   29     -4.0424325665E-04   2.2627683018E-03   3.4272634709E-03  -6.5459040900E-03  -4.6157989463E-04
   30      4.1985748317E-04   5.9567242865E-04   3.1505595554E-03  -5.3543868513E-04  -8.6502349113E-05
   31     -1.0081560480E-03   1.9646765052E-03  -5.1045309198E-03   1.2716841603E-03   3.8446545320E-04
   32      3.2078141692E-04  -1.9053128295E-03   6.1225309303E-03   1.8942242151E-04  -3.6100143400E-04
   33      8.1844042836E-04   2.1940761450E-04  -1.8839144519E-04   9.2851813596E-06   3.0275766903E-05
   34      1.2954259684E-03  -2.1525980042E-04  -8.4529840532E-05  -2.7895661931E-04  -4.3780213631E-04
   35      2.3943737800E-03   4.8588328368E-05  -9.5468465585E-04   2.5789094659E-04  -7.8879942948E-04
   36      7.1555214764E-04  -9.8453835078E-04   7.9675854433E-04  -1.6860732575E-03  -1.0310806256E-03
   37      3.0990749066E-03   9.0432621286E-05  -3.7166096432E-03   3.6516998426E-03  -2.5846174389E-04
   38     -4.1382269268E-03  -4.0127666060E-04  -1.1311504554E-03   2.3316279099E-03   5.8860023539E-04
   39     -4.0976081965E-04   1.4940006465E-04  -1.9267708954E-04   3.7317224758E-04   2.6062430918E-04
   40     -5.2316591607E-04  -8.8165953049E-05   6.5679849629E-04  -5.2773833879E-04  -1.3919331548E-05
   41      6.3125642695E-04   2.6197340218E-04   1.5459410801E-04  -4.2174828847E-04   7.9364685112E-05
   42     -4.4902618218E-05   3.2191069937E-04  -1.8319095009E-04   3.8226807541E-04   1.8929619905E-04
   43     -5.2917908600E-04  -5.6147611078E-05   7.0699704704E-04  -7.1979938792E-04   5.2465201009E-05
   44      4.5995291610E-04   1.0907243866E-05   4.0632085621E-04  -9.3832393501E-04  -1.6502703847E-04
   45      6.4818202592E-04  -2.0717429541E-03   3.2838243011E-04  -2.7648405130E-03  -2.4056772275E-04
   46     -7.6054439540E-04   2.4476298122E-03   1.4985468431E-03   1.7932633591E-03   4.3089261703E-04
   47     -2.0432781793E-04  -6.2109114391E-03   9.7082964044E-04  -2.9215135834E-03  -4.8148885634E-04
                   10                 11                 12                 13                 14        
    0     -3.6231711934E-05   7.5112185298E-04  -1.0512812618E-02   1.6492908558E-03   2.1623092945E-03
    1     -1.5764905006E-04   1.6657480711E-03   1.8754990708E-03  -2.0563265582E-02  -2.1511326986E-02
    2      3.0821142098E-03   8.5166046732E-04   4.1084837523E-03  -1.9585049317E-02  -5.1150045910E-02
    3     -3.0824935658E-03   5.2005897019E-02  -3.3114650791E-02  -1.9368886082E-02  -1.7875379734E-02
    4     -1.3094801502E-02   1.9627560878E-03  -2.0055842212E-02  -2.4525204477E-02  -1.5369681768E-02
    5      1.9935840566E-03  -4.3019026921E-02  -1.8493522306E-02  -1.6682410373E-02  -2.6686916887E-02
    6      6.8369124321E-03  -2.8322546934E-04   1.3747852566E-03  -1.2328372361E-03   1.9584580956E-04
    7     -2.0450556078E-03   1.6629632209E-05   2.6314223642E-04  -6.8516206561E-03  -3.4068360906E-03
    8      1.6649194802E-04   1.8635925997E-03   6.5436711876E-04  -1.0769705084E-03   1.3574203339E-03
    9      2.7893471964E-03  -5.4427110348E-02  -4.5618852235E-03  -2.5260209538E-03  -1.1472150766E-03
   10      1.1776718897E-02  -1.7632439849E-03  -4.7839428012E-03  -1.5475832498E-04  -9.0079239045E-04
   11     -1.7632439849E-03   4.1063112157E-02  -3.4368196240E-03  -1.1312939872E-03   1.3690624897E-03
   12     -4.7839428012E-03  -3.4368196240E-03   4.4646944342E-02   2.3050569857E-02   2.0670988091E-02
   13     -1.5475832498E-04  -1.1312939872E-03   2.3050569857E-02   5.1584313355E-02   4.9353335959E-02
   14     -9.0079239045E-04   1.3690624897E-03   2.0670988091E-02   4.9353335959E-02   9.5265131142E-02
   15     -2.5917640135E-04  -1.5385828918E-04   1.0869358279E-03   1.5356553687E-03   1.1561867296E-03
   16     -1.7623738428E-04  -3.6599772170E-04   1.6184900229E-03  -2.0690708392E-03  -2.1558977750E-03
   17     -5.0900037348E-04   2.9897857641E-05   2.5480248030E-03  -6.4243655412E-03  -2.2355362936E-03
   18      2.2742750105E-04  -7.4399065134E-04   6.3961812471E-04  -2.2462186508E-04   2.5052609196E-03
   19      1.0200504093E-03  -1.2581677088E-04   2.8065961699E-04   1.5639692714E-03   3.0825120468E-03
   20     -3.8180134648E-04  -8.7278516594E-04   9.4074517179E-04   2.7335412568E-03  -6.6680322584E-03
   21     -1.3726662384E-03   6.8716731599E-03   9.5531203501E-04  -9.2991381480E-04  -4.7399663624E-03
   22      2.7237382043E-03   3.9833956819E-04  -4.9494145588E-04   5.4543236247E-04  -4.8342496210E-03
   23      9.3183834730E-04  -1.4146153234E-03  -7.5116740699E-04  -1.3361499748E-03  -5.4937919263E-03
   24     -8.5310839147E-04   3.6115008649E-04  -1.1367855312E-03  -1.7231164968E-03  -8.1892716348E-04
   25      1.4333534861E-03  -3.2235327257E-04   1.5436143022E-04   1.7121971016E-03   7.0334393777E-04
   26     -3.1079652911E-03  -1.0804178456E-03  -5.4205854663E-04  -4.1894463614E-03  -3.9943177380E-03
   27      1.1911938534E-05  -4.7435653311E-04   2.9950056286E-04  -3.4974728529E-04  -3.5770431672E-04
   28      1.9697390611E-04   5.0810380740E-04  -1.9418278801E-05   2.7766122094E-04   8.2954092385E-04
   29      7.7163431470E-04   9.7858195284E-05   1.1638221260E-04   1.0904404213E-03   1.3256817390E-03
   30      3.4324464077E-04  -1.0347126455E-04   2.5203545686E-04   2.8551160441E-04   2.1553564755E-04
   31     -4.5594548740E-04   8.4178100203E-05   9.2038281569E-05  -7.0278373066E-04  -2.5472598297E-04
   32      4.9475846889E-04   1.8114198097E-04   8.1063643521E-05   8.9172286254E-04   7.4140366891E-04
   33     -1.9143277435E-04  -2.8987157411E-04   2.3922716899E-04  -6.8066121187E-04  -1.1271455391E-03
   34     -3.0706048746E-05  -3.8515401381E-04  -2.4878487588E-03   2.5891249226E-05  -2.4726876495E-03
   35     -7.7105778860E-04  -3.2765009931E-04  -5.8092143809E-03  -3.7115081581E-03  -4.5269882013E-03
   36     -1.4038468225E-04   2.5934124553E-04  -6.5779076257E-04   1.7471512711E-04  -1.5369359167E-03
   37     -1.4548666249E-03  -1.1753230810E-03  -3.2103549577E-05  -7.9897226801E-04  -5.4112478718E-03
   38     -1.0154432248E-03   1.6312033030E-03  -3.6274478346E-04  -1.0284017967E-03   2.3054196383E-04
   39     -3.0912906575E-06   3.8148762114E-05   1.2327568966E-04  -6.7097064667E-05   4.2101435285E-04
   40      2.9386411022E-04   1.9908145225E-04  -7.5713089310E-05   1.7720850651E-04   9.3088689359E-04
   41      1.8428153665E-04  -3.3998230806E-04   2.1093496707E-04   2.6474963325E-04  -8.6874430053E-05
   42      2.6857263969E-05  -9.2127028556E-05   1.5071529146E-04  -1.0235159928E-05   2.2225083694E-04
   43      2.5617160787E-04   2.0060568833E-04   8.1749457292E-05   1.4856223317E-04   1.0584949881E-03
   44      1.4859119407E-04  -1.8858440586E-04   2.7840653042E-05   2.6167630901E-04  -2.2818034753E-04
   45      4.8669731842E-04  -2.8337146894E-04   2.1557517036E-04   4.1794575856E-04   5.3639282232E-05
   46     -1.3085059127E-04   2.3366095408E-04   5.3274877172E-04  -3.6955942206E-04   3.5860693001E-04
   47      6.7608979432E-04   1.5553301853E-04   3.6939780479E-05   5.7085403207E-04   7.8144265526E-04
                   15                 16                 17                 18                 19        
    0     -8.5236701906E-02   6.2884120310E-02  -3.0372813330E-03  -1.5730009489E-02  -1.6008547962E-02
    1      6.3197115642E-02  -6.9584852132E-02   1.7418758885E-03  -1.6454144741E-02  -4.6516105144E-02
    2     -2.7553918608E-03   1.5627328767E-03  -1.3490199086E-02   8.3364027809E-03   1.8933455782E-02
    3     -1.7530052895E-03   1.1513954925E-03   2.3712834882E-03  -2.2955616877E-03  -1.4630181572E-03
    4     -3.5472451711E-04   7.2501646022E-04   2.7507803785E-03  -1.4782775029E-03  -4.4278440615E-03
    5     -2.1333785443E-04   1.7090484967E-03   1.8307031485E-03  -4.6970719090E-04  -9.0880812535E-04
    6      3.1060250998E-04   9.0253018644E-05   2.3276890032E-04   3.2064371711E-04  -2.7929652314E-04
    7     -4.5663762344E-05  -4.4572100520E-04  -1.3445042222E-03   3.1779120132E-04   1.6849314425E-03
    8      2.9291938707E-05  -1.9986946145E-04   2.4661095114E-04  -1.1375947601E-04  -1.1450238341E-03
    9      4.0732428811E-04  -1.9197697184E-04  -2.5344338572E-04   3.3868700680E-04   2.8412671128E-04
   10     -2.5917640135E-04  -1.7623738428E-04  -5.0900037348E-04   2.2742750105E-04   1.0200504093E-03
   11     -1.5385828918E-04  -3.6599772170E-04   2.9897857641E-05  -7.4399065134E-04  -1.2581677088E-04
   12      1.0869358279E-03   1.6184900229E-03   2.5480248030E-03   6.3961812471E-04   2.8065961699E-04
   13      1.5356553687E-03  -2.0690708392E-03  -6.4243655412E-03  -2.2462186508E-04   1.5639692714E-03
   14      1.1561867296E-03  -2.1558977750E-03  -2.2355362936E-03   2.5052609196E-03   3.0825120468E-03
   15      8.6716381671E-02  -6.7859536595E-02   2.2220065693E-03   1.7416186697E-03  -1.3102952006E-03
   16     -6.7859536595E-02   7.3815737594E-02  -1.1635223914E-03   1.6654239601E-03  -6.5303953878E-03
   17      2.2220065693E-03  -1.1635223914E-03   1.0985983635E-02  -8.6854442514E-04   4.5286544317E-03
   18      1.7416186697E-03   1.6654239601E-03  -8.6854442514E-04   3.2452645493E-02   4.0955485903E-02
   19     -1.3102952006E-03  -6.5303953878E-03   4.5286544317E-03   4.0955485903E-02   1.1638575372E-01
   20      2.1566518553E-04   2.3196034697E-03   3.2091192249E-04  -2.2086114999E-02  -5.5391592015E-02
   21      3.0231249201E-04  -1.3815179770E-04  -2.9100779669E-04   4.7070049617E-04   2.8779977133E-04
   22      1.2193466180E-04  -9.6195643098E-05  -3.8747378136E-04   2.5272806774E-04   7.8789412476E-04
   23      7.9929031341E-05  -3.7762202451E-04  -4.6487140373E-04   1.5494563665E-04   2.9272570898E-04
   24     -5.2555780922E-04  -6.5793395072E-04  -8.3599762305E-06  -2.0498248034E-03  -3.9179164439E-03
   25     -1.3785850643E-04   4.5531081258E-04   5.0663428242E-04  -8.1203608544E-04  -1.0148742890E-03
   26      8.8760133342E-05   2.5107573089E-04  -1.5469423761E-03   6.6320350338E-04   5.4025088956E-03
   27      2.3487745795E-04   1.7217079729E-04  -2.4757078212E-04   1.2026978298E-03   9.8539945436E-04
   28     -2.3418024112E-04  -6.9544028348E-04   5.3884131597E-04  -8.6539496928E-04  -7.4705607461E-03
   29     -1.6654400716E-04  -1.8040296295E-04   5.4614675519E-04  -9.2444078170E-04  -2.0332683118E-03
   30      1.3673941597E-04   1.4463974075E-04   9.4646847901E-06   4.2577213506E-04   8.4908731115E-04
   31     -1.7060921740E-06  -1.5096487671E-04  -1.4075126404E-04   1.2882590065E-04  -1.2810291884E-04
   32     -1.7620327897E-05  -6.6647071934E-05   3.2979818638E-04  -6.0624114713E-05  -1.2942516515E-03
   33     -3.6901546484E-03  -3.4227069330E-04  -1.9626789332E-03  -2.4869675096E-03  -3.2929282059E-03
   34      4.9668874941E-03   2.8702161530E-03   1.3513721485E-03  -5.5079561220E-03  -3.0165663767E-03
   35     -3.9870403881E-04  -1.2401804618E-04   2.8894619602E-03   2.9407207775E-03   2.6092696788E-03
   36     -7.1355950357E-05   1.6688421455E-03  -9.5213256441E-04  -1.4314423220E-02  -1.5268285730E-02
   37      4.2932198807E-04   3.0967939951E-03  -2.1698125196E-03  -1.4375394868E-02  -4.6131349452E-02
   38     -1.9468310475E-04  -1.8521425666E-03   2.9272898554E-04   8.3818076370E-03   2.1805782218E-02
   39      7.3134374808E-05  -3.3847721277E-04   1.7336002047E-04  -2.3910880711E-03  -2.4742731198E-03
   40     -8.2515353207E-05  -3.6904142992E-04   3.0079453087E-04  -6.0006615750E-03  -2.3206740283E-03
   41      2.1703978240E-05   2.6876817600E-04   5.3898106284E-05   2.8456151413E-03   1.7932936390E-03
   42      1.1168688914E-04  -1.1315259200E-04   5.2527564326E-05   1.6474310480E-03  -5.7073376456E-04
   43     -1.3451416462E-04  -6.3298446707E-04   4.6305600484E-04   1.1770395329E-03  -3.8733247287E-03
   44      8.4975104451E-05   4.4796501927E-04  -1.0828745428E-04  -8.0892970002E-04   3.3257669494E-03
   45      1.5516200708E-04   2.4565090557E-04   1.1101740328E-05   2.8060260042E-05   9.4326281030E-04
   46      1.6976910001E-04  -2.1217156608E-04  -4.2206403103E-05   9.9323919096E-04  -1.2801835834E-05
   47      2.1022382728E-06  -7.3446232450E-05   3.1969510501E-04   2.4772574930E-04  -8.7493234931E-04
                   20                 21                 22                 23                 24        
    0      8.9785120025E-03  -9.0323947141E-04  -1.4449871128E-04   3.9425185379E-05   3.3374339205E-03
    1      2.0418673735E-02   8.9979533775E-04   5.9594963706E-04   1.7586593231E-03   1.3441928427E-03
    2     -1.8933760519E-02   1.9376635476E-03   2.3262824461E-03   3.0166583952E-03  -7.9877443871E-04
    3      2.0828817091E-03  -1.9219158975E-02  -5.5141789871E-03   2.5616815072E-02  -1.3733543426E-03
    4      3.7779299605E-03  -5.5606725068E-03  -1.8369076767E-02   2.6358078285E-02   6.2037131254E-03
    5      2.1960432253E-03   2.5517826003E-02   2.6618815772E-02  -1.3094851658E-01  -1.6740273600E-03
    6      2.3024341535E-04   9.1185019212E-04   1.6419717687E-03  -6.3656056286E-04  -1.8226794385E-02
    7     -1.0556441439E-03   1.9611830198E-03  -3.5251086587E-03   2.1938663113E-03   1.1557681400E-02
    8      5.2152966414E-04  -2.8179671124E-03   6.8663637609E-03  -1.6797355073E-03  -1.7760356486E-02
    9     -6.2220647147E-04   6.6211603587E-04  -8.0651610213E-05   1.1420567183E-03   1.0887723499E-04
   10     -3.8180134648E-04  -1.3726662384E-03   2.7237382043E-03   9.3183834730E-04  -8.5310839147E-04
   11     -8.7278516594E-04   6.8716731599E-03   3.9833956819E-04  -1.4146153234E-03   3.6115008649E-04
   12      9.4074517179E-04   9.5531203501E-04  -4.9494145588E-04  -7.5116740699E-04  -1.1367855312E-03
   13      2.7335412568E-03  -9.2991381480E-04   5.4543236247E-04  -1.3361499748E-03  -1.7231164968E-03
   14     -6.6680322584E-03  -4.7399663624E-03  -4.8342496210E-03  -5.4937919263E-03  -8.1892716348E-04
   15      2.1566518553E-04   3.0231249201E-04   1.2193466180E-04   7.9929031341E-05  -5.2555780922E-04
   16      2.3196034697E-03  -1.3815179770E-04  -9.6195643098E-05  -3.7762202451E-04  -6.5793395072E-04
   17      3.2091192249E-04  -2.9100779669E-04  -3.8747378136E-04  -4.6487140373E-04  -8.3599762305E-06
   18     -2.2086114999E-02   4.7070049617E-04   2.5272806774E-04   1.5494563665E-04  -2.0498248034E-03
   19     -5.5391592015E-02   2.8779977133E-04   7.8789412476E-04   2.9272570898E-04  -3.9179164439E-03
   20      4.4815982368E-02  -3.8660552870E-04  -8.6398922956E-04  -8.2798335010E-04   1.4663725328E-05
   21     -3.8660552870E-04   1.6727889023E-02   5.6313631562E-03  -2.5845336797E-02   2.9315927959E-05
   22     -8.6398922956E-04   5.6313631562E-03   1.6701502170E-02  -2.8618760244E-02  -1.7441547774E-03
   23     -8.2798335010E-04  -2.5845336797E-02  -2.8618760244E-02   1.3757490128E-01   7.9893669138E-04
   24      1.4663725328E-05   2.9315927959E-05  -1.7441547774E-03   7.9893669138E-04   1.6381645532E-01
   25      1.1586915912E-03  -1.0011846917E-03   2.0192128583E-03  -1.2831675647E-03   3.2001364953E-02
   26     -1.5027585068E-03   1.2134247668E-03  -3.2682509806E-03   1.0643004171E-03   2.4037656114E-02
   27     -6.1418937092E-04   3.5703164006E-04  -2.7147474085E-04  -3.1848446735E-05  -4.5860150639E-02
   28     -2.0630277029E-03  -5.7590784775E-05   1.3258346948E-04   1.7016138816E-04   4.0772428535E-03
   29      1.8508529721E-03  -4.1036766044E-04   1.2694616361E-03  -2.2406804153E-04   2.5219990973E-02
   30      1.6813370413E-05   3.6122684312E-05   2.5503349001E-04  -1.0916373903E-04  -1.3500126386E-02
   31     -2.4759924273E-04   2.2040313324E-04  -4.4566683974E-04   2.4517262176E-04  -7.5203171796E-04
   32      1.4913546182E-04  -2.0160478376E-04   5.4602781800E-04  -1.1207762556E-04  -6.3510497852E-04
   33      5.5923831847E-04   5.4482399880E-05  -7.3842142869E-05  -1.1374023084E-04  -8.2882823127E-04
   34      7.3342296782E-04  -1.7714621957E-04  -1.8525744782E-05  -2.5989260077E-04  -1.3178399570E-05
   35      1.1799324337E-03  -4.1187060611E-04  -4.7589336666E-04  -5.1512416818E-04   1.2299213594E-04
   36      7.9748473453E-03  -6.1131647144E-04   1.1670295259E-04  -2.8308468138E-04  -8.0608018989E-04
   37      2.0361448148E-02   3.5622505549E-05  -1.5198063810E-03  -5.4932890827E-04   9.7789676324E-03
   38     -2.0823402919E-02  -8.9795863972E-05  -5.1243696450E-04   4.8310587791E-04   1.0443890011E-02
   39      1.7296787342E-03   1.5447287909E-04  -2.2420218338E-05   8.2671230861E-05   1.0509230630E-03
   40      2.8860512340E-03  -2.0845193195E-05   2.4630383307E-04   1.0124067218E-04  -1.8746151315E-03
   41      2.9023772076E-04   6.0788370891E-05   9.2660661982E-05  -1.2225139661E-04  -2.3404722465E-03
   42      8.5738514582E-04   1.4185321936E-04  -4.7487329994E-05   5.5625471485E-05  -1.0002194430E-03
   43      6.2531570660E-03   1.8054727714E-05   3.0972904018E-04   1.1717472897E-04  -2.0852881425E-03
   44     -2.1351746282E-03  -9.7610299172E-05   1.6465988354E-04  -1.5138571115E-04  -3.0288555114E-03
   45      1.0887143982E-04  -6.9744106623E-05   3.7388568894E-04  -1.9972739577E-04  -8.3035283707E-02
   46     -6.3914204034E-04   2.0397978330E-04  -8.7965665693E-05   2.5582752933E-04  -5.1343375598E-02
   47      4.3927157826E-04  -3.0901881339E-04   6.7861904243E-04  -1.8454493392E-04  -3.3932182878E-02
                   25                 26                 27                 28                 29        
    0      5.9114236446E-04  -6.9552121148E-04  -1.2365508762E-03   1.7958601469E-03   9.7924932025E-04
    1     -3.5604542262E-03  -3.0405885872E-03  -3.6968063585E-04   2.8052098564E-03   8.7929158528E-04
    2     -2.8519612665E-03   7.2743050083E-03   1.1474188439E-03  -3.1324349192E-03  -2.9342929462E-03
    3      4.7275573451E-03  -6.2100146711E-03  -1.7737893164E-03   1.6498526243E-04   2.3036694340E-03
    4     -9.3290082673E-03   1.5011287671E-02   1.6668099243E-03  -1.2274141212E-03  -5.1739084053E-03
    5      3.6533226011E-03  -1.3544241299E-03   2.9629634272E-05  -8.1227125095E-04  -4.0424325665E-04
    6      1.0757536535E-02  -1.6328552364E-02   1.2156867153E-03  -9.1164150110E-04   2.2627683018E-03
    7     -2.3817906245E-02   1.9199184841E-02  -1.1021455904E-03   1.1667745441E-03   3.4272634709E-03
    8      2.0729351301E-02  -4.0619760109E-02   9.4541299337E-04   8.2886470088E-04  -6.5459040900E-03
    9     -1.6783637964E-03   2.2942808185E-03   3.8882878629E-04   3.0098902603E-05  -4.6157989463E-04
   10      1.4333534861E-03  -3.1079652911E-03   1.1911938534E-05   1.9697390611E-04   7.7163431470E-04
   11     -3.2235327257E-04  -1.0804178456E-03  -4.7435653311E-04   5.0810380740E-04   9.7858195284E-05
   12      1.5436143022E-04  -5.4205854663E-04   2.9950056286E-04  -1.9418278801E-05   1.1638221260E-04
   13      1.7121971016E-03  -4.1894463614E-03  -3.4974728529E-04   2.7766122094E-04   1.0904404213E-03
   14      7.0334393777E-04  -3.9943177380E-03  -3.5770431672E-04   8.2954092385E-04   1.3256817390E-03
   15     -1.3785850643E-04   8.8760133342E-05   2.3487745795E-04  -2.3418024112E-04  -1.6654400716E-04
   16      4.5531081258E-04   2.5107573089E-04   1.7217079729E-04  -6.9544028348E-04  -1.8040296295E-04
   17      5.0663428242E-04  -1.5469423761E-03  -2.4757078212E-04   5.3884131597E-04   5.4614675519E-04
   18     -8.1203608544E-04   6.6320350338E-04   1.2026978298E-03  -8.6539496928E-04  -9.2444078170E-04
   19     -1.0148742890E-03   5.4025088956E-03   9.8539945436E-04  -7.4705607461E-03  -2.0332683118E-03
   20      1.1586915912E-03  -1.5027585068E-03  -6.1418937092E-04  -2.0630277029E-03   1.8508529721E-03
   21     -1.0011846917E-03   1.2134247668E-03   3.5703164006E-04  -5.7590784775E-05  -4.1036766044E-04
   22      2.0192128583E-03  -3.2682509806E-03  -2.7147474085E-04   1.3258346948E-04   1.2694616361E-03
   23     -1.2831675647E-03   1.0643004171E-03  -3.1848446735E-05   1.7016138816E-04  -2.2406804153E-04
   24      3.2001364953E-02   2.4037656114E-02  -4.5860150639E-02   4.0772428535E-03   2.5219990973E-02
   25      2.2798674447E-01   4.5036284380E-02   4.5798225021E-03  -1.1342440188E-02  -5.4750922379E-03
   26      4.5036284380E-02   1.2894776399E-01   2.5955762816E-02  -4.1413734048E-03  -2.7556166191E-02
   27      4.5798225021E-03   2.5955762816E-02   6.3483919018E-02  -1.3931201844E-02  -4.3767632341E-02
   28     -1.1342440188E-02  -4.1413734048E-03  -1.3931201844E-02   4.1361411468E-02   3.7691942175E-02
   29     -5.4750922379E-03  -2.7556166191E-02  -4.3767632341E-02   3.7691942175E-02   8.6697209423E-02
   30     -7.3934072912E-04  -5.1787280094E-04  -8.4906200036E-04   5.0753837338E-03   3.9725732986E-03
   31     -1.3220550175E-01  -3.4939433141E-02   1.0645781081E-03  -8.2839907022E-04  -1.7796324412E-03
   32     -3.4683986446E-02  -2.2665459380E-02   2.1543623584E-03  -4.8036528891E-03  -2.2631010635E-03
   33      1.2060185929E-04   1.5694890033E-04   2.7226757546E-04  -4.3528864562E-04  -2.1430470311E-04
   34      6.9290034242E-04   5.7639688765E-04  -1.1057121954E-04  -5.9259796417E-04  -1.5184701169E-04
   35      5.9456162024E-04  -1.2757286758E-03  -1.8964265622E-04   4.5079125934E-04   5.5817480295E-04
   36      2.9817617443E-03   6.0154036259E-03  -1.1649483988E-02   5.7691706784E-03   7.2259950376E-03
   37      1.0666038683E-03  -1.1190054333E-02   3.8927132666E-03  -2.6611615956E-02  -2.2617662521E-02
   38     -3.5402433416E-03  -1.0101411083E-02   6.2262073755E-03  -2.4236240523E-02  -4.3646193887E-02
   39     -4.8590674595E-04  -1.7575446280E-03  -1.8584235272E-03   1.1147183320E-03   2.0726644736E-03
   40     -2.2364543862E-04   2.4960002393E-03   4.6406616773E-03  -1.7759081221E-04  -3.1649758601E-03
   41      7.7367210908E-04   1.9482924352E-03   5.7655733585E-03  -2.0387840036E-03  -2.2246269178E-03
   42     -3.2950486807E-04  -6.5049401253E-04   1.7980248321E-03  -1.7943015886E-04   1.7603557501E-04
   43     -5.7418488300E-04   1.8174094901E-03  -5.6259239120E-04   1.1925927462E-03  -4.8905796026E-03
   44      7.8251589846E-04   2.2558692024E-03  -1.1534707476E-03  -6.3887565543E-04  -6.1659452800E-03
   45     -5.0728397067E-02  -3.3725601142E-02  -6.0253740704E-03  -1.3943363363E-03   1.6163009348E-03
   46     -5.3298307656E-02  -2.5913656941E-02  -3.1563111168E-04   1.8128519297E-03   3.4004696674E-04
   47     -2.5780952688E-02  -2.9793145014E-02   4.6112876407E-03   8.4570356274E-04   8.8861778523E-04
                   30                 31                 32                 33                 34        
    0     -7.1318890424E-04   2.6118863318E-05   1.5405508662E-04  -1.2927483805E-01  -1.4376913967E-02
    1     -1.3274461237E-04   4.9975195833E-04   5.6377694600E-04  -1.4565762924E-02  -1.5703339269E-02
    2      1.1856800353E-04   5.6167891862E-04  -1.4858133982E-03  -3.5783279738E-02  -4.7006819285E-03
    3      7.0015605482E-05  -1.6443919988E-03   1.4201073224E-03   6.7464523092E-05   9.4651937459E-04
    4     -1.4365009867E-03   2.7544244998E-03  -2.8535502646E-03   7.3152371862E-04   3.1003498536E-04
    5      4.1985748317E-04  -1.0081560480E-03   3.2078141692E-04   8.1844042836E-04   1.2954259684E-03
    6      5.9567242865E-04   1.9646765052E-03  -1.9053128295E-03   2.1940761450E-04  -2.1525980042E-04
    7      3.1505595554E-03  -5.1045309198E-03   6.1225309303E-03  -1.8839144519E-04  -8.4529840532E-05
    8     -5.3543868513E-04   1.2716841603E-03   1.8942242151E-04   9.2851813596E-06  -2.7895661931E-04
    9     -8.6502349113E-05   3.8446545320E-04  -3.6100143400E-04   3.0275766903E-05  -4.3780213631E-04
   10      3.4324464077E-04  -4.5594548740E-04   4.9475846889E-04  -1.9143277435E-04  -3.0706048746E-05
   11     -1.0347126455E-04   8.4178100203E-05   1.8114198097E-04  -2.8987157411E-04  -3.8515401381E-04
   12      2.5203545686E-04   9.2038281569E-05   8.1063643521E-05   2.3922716899E-04  -2.4878487588E-03
   13      2.8551160441E-04  -7.0278373066E-04   8.9172286254E-04  -6.8066121187E-04   2.5891249226E-05
   14      2.1553564755E-04  -2.5472598297E-04   7.4140366891E-04  -1.1271455391E-03  -2.4726876495E-03
   15      1.3673941597E-04  -1.7060921740E-06  -1.7620327897E-05  -3.6901546484E-03   4.9668874941E-03
   16      1.4463974075E-04  -1.5096487671E-04  -6.6647071934E-05  -3.4227069330E-04   2.8702161530E-03
   17      9.4646847901E-06  -1.4075126404E-04   3.2979818638E-04  -1.9626789332E-03   1.3513721485E-03
   18      4.2577213506E-04   1.2882590065E-04  -6.0624114713E-05  -2.4869675096E-03  -5.5079561220E-03
   19      8.4908731115E-04  -1.2810291884E-04  -1.2942516515E-03  -3.2929282059E-03  -3.0165663767E-03
   20      1.6813370413E-05  -2.4759924273E-04   1.4913546182E-04   5.5923831847E-04   7.3342296782E-04
   21      3.6122684312E-05   2.2040313324E-04  -2.0160478376E-04   5.4482399880E-05  -1.7714621957E-04
   22      2.5503349001E-04  -4.4566683974E-04   5.4602781800E-04  -7.3842142869E-05  -1.8525744782E-05
   23     -1.0916373903E-04   2.4517262176E-04  -1.1207762556E-04  -1.1374023084E-04  -2.5989260077E-04
   24     -1.3500126386E-02  -7.5203171796E-04  -6.3510497852E-04  -8.2882823127E-04  -1.3178399570E-05
   25     -7.3934072912E-04  -1.3220550175E-01  -3.4683986446E-02   1.2060185929E-04   6.9290034242E-04
   26     -5.1787280094E-04  -3.4939433141E-02  -2.2665459380E-02   1.5694890033E-04   5.7639688765E-04
   27     -8.4906200036E-04   1.0645781081E-03   2.1543623584E-03   2.7226757546E-04  -1.1057121954E-04
   28      5.0753837338E-03  -8.2839907022E-04  -4.8036528891E-03  -4.3528864562E-04  -5.9259796417E-04
   29      3.9725732986E-03  -1.7796324412E-03  -2.2631010635E-03  -2.1430470311E-04  -1.5184701169E-04
   30      1.1293644885E-02  -7.7101251884E-04   1.4252320041E-04   1.8049974110E-04  -2.0889890411E-05
   31     -7.7101251884E-04   1.3859778858E-01   3.6878851200E-02  -2.0990515750E-05  -1.3778595272E-04
   32      1.4252320041E-04   3.6878851200E-02   2.0945847916E-02  -2.2672089184E-05  -1.1742062189E-04
   33      1.8049974110E-04  -2.0990515750E-05  -2.2672089184E-05   1.3471228959E-01   1.7166057007E-02
   34     -2.0889890411E-05  -1.3778595272E-04  -1.1742062189E-04   1.7166057007E-02   1.4354095619E-02
   35     -1.4452554639E-05  -1.0832995725E-04   2.3550509063E-04   3.8692533242E-02   5.7067770620E-03
   36     -1.6434628680E-04  -6.0889735943E-04  -8.0118305589E-04   2.6693552466E-04   6.9332177333E-04
   37     -1.9218400560E-03   4.8844675952E-04   2.0194014184E-03   2.4825057584E-03   2.5637010667E-03
   38     -2.6012981132E-03   1.4820197391E-03   2.3069857464E-03  -1.1128984621E-03  -1.7091040723E-03
   39     -1.2326480778E-04   1.2374811100E-04   2.5033026802E-04  -1.3470080080E-04  -3.8343945466E-04
   40      3.8648200046E-04  -3.6577761630E-05  -4.2073539862E-04  -4.5911941975E-04  -5.1113703660E-04
   41      4.6715804581E-04  -2.2425811215E-04  -3.1561054901E-04   1.9159433849E-04   2.9223433025E-04
   42      2.1041484482E-04   9.9567874414E-05   4.3324382567E-05   8.9076659279E-05  -6.1960224749E-05
   43      3.0711553537E-04  -2.0237984566E-05  -3.2036760554E-04  -3.3800696361E-04  -2.9481919653E-04
   44      4.4749019852E-04  -3.0594433106E-04  -4.2668702842E-04   2.0001844833E-04   3.2107359724E-04
   45      2.2355735376E-03  -3.0538040314E-04  -2.4060696173E-04   2.8356267748E-04   2.0224150922E-05
   46     -5.7747404432E-03  -2.1239145030E-03  -2.9564519807E-03   8.7962992885E-05  -4.2683198620E-04
   47     -1.9283224620E-03  -1.5147599341E-03   1.8687271545E-03  -1.5936338367E-06  -2.0091787479E-04
                   35                 36                 37                 38                 39        
    0     -3.6235270975E-02  -2.2307146780E-03  -5.9394002705E-03   1.5581904883E-03   3.9682036396E-04
    1     -5.0098071033E-03  -3.7383212067E-03  -1.1485809596E-02   5.2743433758E-03   2.1304607859E-03
    2     -2.3707355940E-02   2.8390789396E-03   1.1011269786E-02  -2.1814716724E-03  -1.3381848724E-03
    3      2.0779935705E-03   2.8893382727E-03   1.9098102392E-04  -8.2977034432E-05  -7.0869417919E-04
    4      3.1752289597E-03  -2.6457005989E-04   7.3365960920E-03   3.0199276456E-03   1.0736185548E-04
    5      2.3943737800E-03   7.1555214764E-04   3.0990749066E-03  -4.1382269268E-03  -4.0976081965E-04
    6      4.8588328368E-05  -9.8453835078E-04   9.0432621286E-05  -4.0127666060E-04   1.4940006465E-04
    7     -9.5468465585E-04   7.9675854433E-04  -3.7166096432E-03  -1.1311504554E-03  -1.9267708954E-04
    8      2.5789094659E-04  -1.6860732575E-03   3.6516998426E-03   2.3316279099E-03   3.7317224758E-04
    9     -7.8879942948E-04  -1.0310806256E-03  -2.5846174389E-04   5.8860023539E-04   2.6062430918E-04
   10     -7.7105778860E-04  -1.4038468225E-04  -1.4548666249E-03  -1.0154432248E-03  -3.0912906575E-06
   11     -3.2765009931E-04   2.5934124553E-04  -1.1753230810E-03   1.6312033030E-03   3.8148762114E-05
   12     -5.8092143809E-03  -6.5779076257E-04  -3.2103549577E-05  -3.6274478346E-04   1.2327568966E-04
   13     -3.7115081581E-03   1.7471512711E-04  -7.9897226801E-04  -1.0284017967E-03  -6.7097064667E-05
   14     -4.5269882013E-03  -1.5369359167E-03  -5.4112478718E-03   2.3054196383E-04   4.2101435285E-04
   15     -3.9870403881E-04  -7.1355950357E-05   4.2932198807E-04  -1.9468310475E-04   7.3134374808E-05
   16     -1.2401804618E-04   1.6688421455E-03   3.0967939951E-03  -1.8521425666E-03  -3.3847721277E-04
   17      2.8894619602E-03  -9.5213256441E-04  -2.1698125196E-03   2.9272898554E-04   1.7336002047E-04
   18      2.9407207775E-03  -1.4314423220E-02  -1.4375394868E-02   8.3818076370E-03  -2.3910880711E-03
   19      2.6092696788E-03  -1.5268285730E-02  -4.6131349452E-02   2.1805782218E-02  -2.4742731198E-03
   20      1.1799324337E-03   7.9748473453E-03   2.0361448148E-02  -2.0823402919E-02   1.7296787342E-03
   21     -4.1187060611E-04  -6.1131647144E-04   3.5622505549E-05  -8.9795863972E-05   1.5447287909E-04
   22     -4.7589336666E-04   1.1670295259E-04  -1.5198063810E-03  -5.1243696450E-04  -2.2420218338E-05
   23     -5.1512416818E-04  -2.8308468138E-04  -5.4932890827E-04   4.8310587791E-04   8.2671230861E-05
   24      1.2299213594E-04  -8.0608018989E-04   9.7789676324E-03   1.0443890011E-02   1.0509230630E-03
   25      5.9456162024E-04   2.9817617443E-03   1.0666038683E-03  -3.5402433416E-03  -4.8590674595E-04
   26     -1.2757286758E-03   6.0154036259E-03  -1.1190054333E-02  -1.0101411083E-02  -1.7575446280E-03
   27     -1.8964265622E-04  -1.1649483988E-02   3.8927132666E-03   6.2262073755E-03  -1.8584235272E-03
   28      4.5079125934E-04   5.7691706784E-03  -2.6611615956E-02  -2.4236240523E-02   1.1147183320E-03
   29      5.5817480295E-04   7.2259950376E-03  -2.2617662521E-02  -4.3646193887E-02   2.0726644736E-03
   30     -1.4452554639E-05  -1.6434628680E-04  -1.9218400560E-03  -2.6012981132E-03  -1.2326480778E-04
   31     -1.0832995725E-04  -6.0889735943E-04   4.8844675952E-04   1.4820197391E-03   1.2374811100E-04
   32      2.3550509063E-04  -8.0118305589E-04   2.0194014184E-03   2.3069857464E-03   2.5033026802E-04
   33      3.8692533242E-02   2.6693552466E-04   2.4825057584E-03  -1.1128984621E-03  -1.3470080080E-04
   34      5.7067770620E-03   6.9332177333E-04   2.5637010667E-03  -1.7091040723E-03  -3.8343945466E-04
   35      2.2342557216E-02  -2.7730873296E-04  -1.9187030649E-03   1.5868467267E-04   2.2555141193E-04
   36     -2.7730873296E-04   2.4220687328E-01  -1.8784257181E-02   3.3303545735E-02  -1.4124414961E-01
   37     -1.9187030649E-03  -1.8784257181E-02   1.1153603301E-01  -1.7383707100E-02   7.1272605654E-03
   38      1.5868467267E-04   3.3303545735E-02  -1.7383707100E-02   1.6357227965E-01   7.9712815223E-03
