
$orca_hessian_file

$act_atom
  0

$act_coord
  0

$act_energy
        0.000000

$multiplicity
  1

$hessian
48
                    0                  1                  2                  3                  4        
    0      2.1923569320E-01  -3.0650307338E-02   3.4215201924E-02   4.1453598692E-03   6.7628479085E-05
    1     -3.0650307338E-02   1.4987389582E-01  -1.0651396937E-03  -2.8781486912E-03  -1.1671038278E-03
    2      3.4215201924E-02  -1.0651396937E-03   1.1620886231E-01  -8.6041015551E-03  -1.3031210471E-02
    3      4.1453598692E-03  -2.8781486912E-03  -8.6041015551E-03   1.8029624000E-01   5.6375402189E-03
    4      6.7628479085E-05  -1.1671038278E-03  -1.3031210471E-02   5.6375402189E-03   1.0917028921E-01
    5     -1.1829854064E-03  -4.5729419552E-03  -1.0005237303E-02  -4.7642655541E-02  -2.1361366794E-02
    6     -1.4103139139E-03   3.0148659492E-04  -5.9263919019E-04  -1.8807622509E-02   1.8851551849E-02
    7      2.4054522846E-04  -4.1425985902E-04   5.1956081131E-03   2.0457620637E-02  -4.8124497412E-02
    8      5.8799863797E-05   7.0419892738E-04  -1.8311999012E-03  -2.8184294498E-03   4.4251388128E-03
    9     -1.8322787718E-03   1.2941804121E-03   2.5030332889E-03  -1.0544497491E-01  -2.1170089672E-03
   10     -1.5529447589E-04  -5.5359249613E-04   2.5593480403E-03  -2.4675892532E-03  -1.2807537544E-02
   11      5.3084653917E-04   1.2991968394E-03   5.1035760365E-04   4.6284883560E-02   1.5082206464E-03
   12     -1.0198639718E-02   3.6317364382E-03   7.2738575418E-03  -3.3493119679E-02  -1.8489518461E-02
   13      2.8238718202E-03  -2.1550824109E-02  -1.9808740894E-02  -1.7315478786E-02  -2.0326762955E-02
   14      4.3159904344E-03  -2.2361399509E-02  -4.6424966385E-02  -1.7789644819E-02  -1.3773876857E-02
   15     -7.3301708308E-02   5.7164836265E-02  -1.0178915426E-02  -2.0567630110E-03  -2.8600364648E-04
   16      5.7045483146E-02  -6.8469409265E-02   8.6126883123E-03   9.9141170189E-04   1.0178483540E-04
   17     -1.0600696209E-02   9.0310240741E-03  -1.4810988453E-02   1.8969487131E-03   2.5195804195E-03
   18     -1.8222422338E-02  -1.8953071036E-02   1.1299455049E-02  -2.0566960432E-03  -1.4244416824E-03
   19     -1.7152110641E-02  -3.8558934846E-02   1.7286589807E-02  -1.1566319804E-03  -4.5204758389E-03
   20      1.1392163310E-02   1.9800717711E-02  -1.9671895988E-02   1.4357991871E-03   3.5428518217E-03
   21     -1.2002137099E-03   7.8770000727E-04   1.5627008193E-03  -2.0855238891E-02  -6.8594325502E-03
   22     -3.2807933974E-04   3.6073068534E-04   2.0437636513E-03  -6.8466000949E-03  -1.9814679858E-02
   23     -6.8084283540E-05   1.6598097234E-03   2.3465498612E-03   2.6853031108E-02   2.7531960034E-02
   24      3.7264651972E-03   9.2178416190E-04  -1.2038542859E-03  -2.9726455403E-04   5.4600123938E-03
   25      8.5958873330E-04  -3.0963004074E-03  -3.0424929800E-03   3.9117910643E-03  -7.2026862310E-03
   26     -1.2448623987E-03  -2.6177523358E-03   8.0074500834E-03  -5.5022562712E-03   1.5491406693E-02
   27     -1.4981763499E-03  -5.4166511034E-04   1.4312643724E-03  -1.7733065134E-03   1.6219136697E-03
   28      1.6477529374E-03   1.4868028673E-03  -2.8734488156E-03   2.6167490238E-04  -1.6424330874E-03
   29      1.2730714646E-03   8.3243107113E-04  -3.4559932492E-03   1.7700106725E-03  -4.9579569164E-03
   30     -8.7489627274E-04  -5.1404846293E-05   2.1617492128E-04  -2.3273841271E-04  -1.2241700774E-03
   31     -2.2981846676E-05   4.5192610327E-04   6.0257760081E-04  -1.2518161985E-03   2.0206676357E-03
   32      2.1185532678E-04   5.8604612639E-04  -1.6767770870E-03   1.1858224461E-03  -2.9231862215E-03
   33     -1.1572831273E-01  -1.0093596521E-02  -3.8554982914E-02  -3.6650191861E-04   5.2308350310E-04
   34     -9.8473926108E-03  -1.4901759790E-02  -3.8542126032E-03   9.1200830329E-04  -1.7693843825E-04
   35     -3.9171444097E-02  -4.2507926359E-03  -2.6854747863E-02   1.6720715519E-03   2.7457725668E-03
   36     -1.5824618292E-03  -1.3694987526E-03   1.6425563761E-03   2.5547805385E-03  -7.7020123770E-04
   37     -6.9568090719E-03  -8.7113657019E-03   1.1245248204E-02   2.1942059062E-04   8.1472555258E-03
   38      1.2945974323E-03   2.9930449111E-03  -2.7234576065E-04   3.9948586869E-04   3.0749862085E-03
   39      2.8148948171E-04   1.3841134013E-03  -1.1096493613E-03  -6.7579969805E-04   1.6825656219E-04
   40      1.1590468249E-03   2.1809854596E-03  -2.4665966167E-03   4.0297623088E-06  -1.5592540635E-03
   41     -3.2084503753E-04  -1.2061161245E-03  -8.9219700014E-05  -1.7505431290E-04  -5.4502805571E-04
   42     -5.6957017658E-04  -1.2029089612E-04   1.3449596444E-04  -6.3074217937E-04   2.7484976003E-04
   43      2.0920890425E-03   1.8612533920E-03  -2.2240461949E-03  -8.8510306210E-05  -1.6604109824E-03
   44     -7.7389203344E-04  -1.4034951633E-03  -2.5817308999E-06   3.4504974020E-04  -8.3202187124E-04
   45     -9.7001363038E-04  -8.2960712925E-04  -3.7862285112E-05  -3.0561208902E-04  -1.4349134428E-03
   46     -8.2127784880E-04   1.2079559780E-03   8.2382048314E-04  -3.8986824066E-04  -4.3721696765E-04
   47      7.3547931824E-05   5.6741209137E-04  -1.9772664427E-03   6.8656138904E-04  -3.4143533627E-03
                    5                  6                  7                  8                  9        
    0     -1.1829854064E-03  -1.4103139139E-03   2.4054522846E-04   5.8799863797E-05  -1.8322787718E-03
    1     -4.5729419552E-03   3.0148659492E-04  -4.1425985902E-04   7.0419892738E-04   1.2941804121E-03
    2     -1.0005237303E-02  -5.9263919019E-04   5.1956081131E-03  -1.8311999012E-03   2.5030332889E-03
    3     -4.7642655541E-02  -1.8807622509E-02   2.0457620637E-02  -2.8184294498E-03  -1.0544497491E-01
    4     -2.1361366794E-02   1.8851551849E-02  -4.8124497412E-02   4.4251388128E-03  -2.1170089672E-03
    5      2.0099854047E-01  -3.5198633018E-03   7.7732474840E-03  -1.1398909877E-02   4.5605845383E-02
    6     -3.5198633018E-03   3.5377449805E-02  -3.5779808506E-02   2.3947331867E-02  -2.3429573450E-03
    7      7.7732474840E-03  -3.5779808506E-02   7.9851763616E-02  -3.2296207710E-02   1.9034856455E-03
    8     -1.1398909877E-02   2.3947331867E-02  -3.2296207710E-02   5.7924124919E-02   1.8853766458E-04
    9      4.5605845383E-02  -2.3429573450E-03   1.9034856455E-03   1.8853766458E-04   1.1185632345E-01
   10      1.5121905014E-03   6.1139899809E-03  -1.5054156653E-03   1.1534112759E-04   1.6742692371E-03
   11     -3.7687013435E-02   6.4227944122E-06  -2.0028581532E-04   1.8397410882E-03  -4.8119070288E-02
   12     -1.9669147631E-02   1.4567732170E-03   1.2907037096E-04   6.8689371058E-04  -3.5438811185E-03
   13     -1.5559821966E-02  -1.4339733566E-03  -5.1423769970E-03  -1.1449977749E-03  -1.9003482466E-03
   14     -2.6794702561E-02   1.1806585623E-04  -2.9843785101E-03   1.3309312701E-03  -7.5836374492E-04
   15     -3.4069313765E-04   4.1444024738E-04  -1.0346437474E-04   5.8379183626E-05   4.7160928541E-04
   16      1.3946090861E-03   6.9557783595E-05  -2.7580351102E-04  -2.3205572399E-04  -1.1981378082E-04
   17      1.4961811461E-03   2.8822149668E-04  -1.3276480922E-03   3.7476531923E-04  -1.3344834286E-04
   18     -5.5327721187E-04   3.0219156045E-04   3.4924094795E-04  -1.5266240670E-04   3.6628295958E-04
   19     -1.1660416324E-03  -3.3539891023E-04   1.8840357674E-03  -1.1859726362E-03   2.7540479859E-04
   20      1.4066647842E-03   2.9254018642E-04  -1.1284629495E-03   7.3799914550E-04  -4.4071339543E-04
   21      2.6821101930E-02   1.3212030637E-03   1.4923248683E-03  -2.1854531041E-03   7.6630571917E-04
   22      2.7891051365E-02   1.1051070962E-03  -3.0693439061E-03   6.3219333241E-03  -3.7114341295E-06
   23     -1.1653627880E-01  -2.0631074709E-04   1.6467349295E-03  -9.3246992753E-04   8.6234736170E-04
   24     -1.1194734024E-03  -1.7044094896E-02   9.4123123868E-03  -1.7223884049E-02  -3.3342540255E-04
   25      2.9393278776E-03   8.9515970911E-03  -2.0044891164E-02   1.8832392784E-02  -1.0960179435E-03
   26      3.5463210558E-04  -1.5297550719E-02   1.5830236192E-02  -4.1632922638E-02   1.7444635742E-03
   27      2.5058223548E-04   1.3268259098E-03  -9.7794872399E-04   6.9777088626E-04   3.9122873425E-04
   28     -6.0985326753E-04  -8.4347288681E-04   1.3420515955E-03   4.5362294245E-04  -1.6780346065E-05
   29     -1.0079774018E-03   2.3248912841E-03   2.6711872436E-03  -5.1942388051E-03  -3.8611354780E-04
   30      2.5983173844E-04   9.3187039593E-04   2.6358905333E-03  -4.0431546610E-04  -5.6344686754E-06
   31     -7.8314944897E-04   1.4086124404E-03  -3.9132250128E-03   1.0039087270E-03   2.4203279777E-04
   32     -8.8660288902E-05  -1.6514430427E-03   5.8153317059E-03   2.7515567861E-04  -2.7157628089E-04
   33      5.6345820422E-04   3.0072203974E-04  -1.0402794885E-04   2.2097582387E-05   1.8749271818E-04
   34      1.0242061423E-03  -3.0133171839E-04   7.4322250844E-05  -2.9821337296E-04  -3.8994019082E-04
   35      2.0197825787E-03   5.4287384858E-05  -8.7074528978E-04   3.4064505555E-04  -6.3067606562E-04
   36      4.7928127594E-04  -1.2401414938E-03   8.9151200064E-04  -1.5498569084E-03  -9.0221653825E-04
   37      3.1986898305E-03   2.5903637752E-04  -3.9236477470E-03   3.3487031009E-03  -1.4801488238E-04
   38     -2.8589330417E-03  -4.6048422399E-04  -1.1282692139E-03   1.5473515746E-03   3.4713761254E-04
   39     -2.7171665044E-04   2.3834406531E-04  -1.8745102413E-04   3.0001834130E-04   2.5002872335E-04
   40     -5.7194498229E-04  -1.1636718743E-04   7.3110908524E-04  -5.1291278882E-04  -3.7383335757E-06
   41      4.7022600182E-04   2.7465244173E-04   1.4241557666E-04  -2.8707880342E-04   1.8377250558E-05
   42      2.2456058827E-05   4.6954848910E-04  -2.7271669563E-04   4.3289782096E-04   2.0028765345E-04
   43     -5.8489183363E-04  -1.1015877009E-04   8.3225054488E-04  -7.3902492920E-04   3.5556020766E-05
   44      2.5340163268E-04  -4.9613455920E-05   3.7029142265E-04  -8.2554886135E-04  -1.3383801569E-04
   45      2.9973316816E-04  -1.2942386363E-03  -8.6371893862E-05  -2.0578420117E-03  -8.4190692043E-05
   46     -5.2422706034E-04   1.8593586696E-03   1.6979284141E-03   1.2056195523E-03   3.7057691344E-04
   47     -6.2171600995E-04  -5.5287921561E-03   4.8947055005E-04  -2.2683452372E-03  -3.9560977325E-04
                   10                 11                 12                 13                 14        
    0     -1.5529447589E-04   5.3084653917E-04  -1.0198639718E-02   2.8238718202E-03   4.3159904344E-03
    1     -5.5359249613E-04   1.2991968394E-03   3.6317364382E-03  -2.1550824109E-02  -2.2361399509E-02
    2      2.5593480403E-03   5.1035760365E-04   7.2738575418E-03  -1.9808740894E-02  -4.6424966385E-02
    3     -2.4675892532E-03   4.6284883560E-02  -3.3493119679E-02  -1.7315478786E-02  -1.7789644819E-02
    4     -1.2807537544E-02   1.5082206464E-03  -1.8489518461E-02  -2.0326762955E-02  -1.3773876857E-02
    5      1.5121905014E-03  -3.7687013435E-02  -1.9669147631E-02  -1.5559821966E-02  -2.6794702561E-02
    6      6.1139899809E-03   6.4227944122E-06   1.4567732170E-03  -1.4339733566E-03   1.1806585623E-04
    7     -1.5054156653E-03  -2.0028581532E-04   1.2907037096E-04  -5.1423769970E-03  -2.9843785101E-03
    8      1.1534112759E-04   1.8397410882E-03   6.8689371058E-04  -1.1449977749E-03   1.3309312701E-03
    9      1.6742692371E-03  -4.8119070288E-02  -3.5438811185E-03  -1.9003482466E-03  -7.5836374492E-04
   10      1.1142158778E-02  -1.4160726471E-03  -3.6776424416E-03   2.4398691722E-04  -5.0945725423E-04
   11     -1.4160726471E-03   3.5618685764E-02  -3.3161162247E-03  -8.8232895883E-04   1.4930231572E-03
   12     -3.6776424416E-03  -3.3161162247E-03   4.3419937004E-02   1.7860830168E-02   1.7590055366E-02
   13      2.4398691722E-04  -8.8232895883E-04   1.7860830168E-02   4.5997836889E-02   4.6642214770E-02
   14     -5.0945725423E-04   1.4930231572E-03   1.7590055366E-02   4.6642214770E-02   8.6392355811E-02
   15     -3.0696559673E-04  -1.5224103582E-04   9.9939396538E-04   1.6623009872E-03   1.0275274141E-03
   16     -9.2485289500E-05  -3.0054335522E-04   1.6572071336E-03  -1.9039149280E-03  -1.5622678558E-03
   17     -5.3846279567E-04   1.0488326259E-04   2.2637208793E-03  -5.7714805811E-03  -1.0556819691E-03
   18      2.4725112859E-04  -5.9727688451E-04   4.7572707731E-04   4.2290703159E-05   2.0116212645E-03
   19      1.1417477318E-03  -6.3587714765E-05   3.9954961397E-04   2.0784113016E-03   2.0626066816E-03
   20     -4.9743161069E-04  -7.8534445527E-04   1.0884264998E-03   1.7898118406E-03  -4.6466670477E-03
   21     -1.4829521696E-03   6.2823575073E-03   1.3222923687E-03  -6.0244371512E-04  -4.3082340090E-03
   22      2.6807902010E-03   2.3992474378E-04  -1.7580395936E-04   8.9543866402E-04  -4.0103764597E-03
   23      9.3731952367E-04  -6.5883437815E-04  -3.7672280917E-04  -8.0845631086E-04  -4.9264039883E-03
   24     -5.3276169985E-04   1.9596890747E-04  -1.4914357119E-03  -8.7058340649E-04  -8.7410050995E-04
   25      8.0225920798E-04  -5.3777006321E-05   3.3139952065E-05   1.0221385200E-03   8.1054386635E-04
   26     -2.8704144829E-03  -1.4961707516E-03  -7.3012883225E-04  -3.7803446404E-03  -4.3680762726E-03
   27      3.8952028353E-05  -5.6904312637E-04   3.3159719731E-04  -3.6391142811E-04  -4.5163235527E-04
   28      2.5603404534E-04   5.4096097571E-04   6.1477658151E-06   5.4479825964E-04   7.7989665291E-04
   29      8.6811504991E-04   1.4162550593E-04   1.1538204444E-04   1.1144834613E-03   1.5737254045E-03
   30      3.2248410243E-04  -1.0035551321E-04   3.2517251543E-04   1.8167134896E-04   2.1256210090E-04
   31     -3.1156623806E-04   8.7853857817E-05   1.4744789460E-04  -5.6826980338E-04  -1.5186661165E-04
   32      5.0358423092E-04   2.5379011830E-04   1.4339111677E-04   8.8798565071E-04   8.7038561727E-04
   33     -1.5343484210E-04  -2.7911526350E-04   6.2019645562E-04  -3.7169329435E-04  -7.1403568309E-04
   34      9.4923740270E-05  -3.1930946485E-04  -2.2988981153E-03   3.3820235020E-04  -2.3929945436E-03
   35     -7.0102309605E-04  -3.0002714586E-04  -4.9738892232E-03  -3.0613541276E-03  -3.8723644357E-03
   36     -1.2167008644E-05   1.7199307166E-04  -7.8806862601E-04  -1.2084164445E-04  -7.5322350653E-04
   37     -1.7747300868E-03  -9.9414697967E-04  -3.5131564525E-05  -1.6588894274E-03  -4.9806290082E-03
   38     -9.4594868329E-04   1.0677776389E-03  -2.7703457899E-04  -7.9966374709E-04  -5.7710768408E-04
   39     -1.2288579137E-05   2.1600583418E-05   1.7615605287E-04  -8.2447321631E-06   2.3216485268E-04
   40      3.5755437660E-04   1.7272989325E-04  -8.5622666133E-05   3.1311848743E-04   9.3510612848E-04
   41      1.5727419206E-04  -1.6107738946E-04   1.9239275130E-04   2.5562300208E-04   4.2225506461E-05
   42      1.4664209915E-05  -1.1913474474E-04   1.9379482499E-04  -3.6614842900E-06   1.4240674962E-04
   43      3.2547368879E-04   1.9033033854E-04   9.4872198782E-05   3.2534458344E-04   9.8866595431E-04
   44      1.8352058091E-04  -1.5595871867E-04   2.8322374511E-05   2.6619917313E-04   2.0614714538E-05
   45      3.8935367950E-04  -2.4205256389E-04   1.9410417471E-04   4.2069640563E-04   4.0718184407E-08
   46      3.9863278454E-07   1.9072170744E-04   8.0213433370E-04  -6.0823775315E-04   5.0758630794E-04
   47      6.4223026289E-04   2.1454213596E-04  -4.0603114642E-05   6.6149735190E-04   9.4270886204E-04
                   15                 16                 17                 18                 19        
    0     -7.3301708308E-02   5.7045483146E-02  -1.0600696209E-02  -1.8222422338E-02  -1.7152110641E-02
    1      5.7164836265E-02  -6.8469409265E-02   9.0310240741E-03  -1.8953071036E-02  -3.8558934846E-02
    2     -1.0178915426E-02   8.6126883123E-03  -1.4810988453E-02   1.1299455049E-02   1.7286589807E-02
    3     -2.0567630110E-03   9.9141170189E-04   1.8969487131E-03  -2.0566960432E-03  -1.1566319804E-03
    4     -2.8600364648E-04   1.0178483540E-04   2.5195804195E-03  -1.4244416824E-03  -4.5204758389E-03
    5     -3.4069313765E-04   1.3946090861E-03   1.4961811461E-03  -5.5327721187E-04  -1.1660416324E-03
    6      4.1444024738E-04   6.9557783595E-05   2.8822149668E-04   3.0219156045E-04  -3.3539891023E-04
    7     -1.0346437474E-04  -2.7580351102E-04  -1.3276480922E-03   3.4924094795E-04   1.8840357674E-03
    8      5.8379183626E-05  -2.3205572399E-04   3.7476531923E-04  -1.5266240670E-04  -1.1859726362E-03
    9      4.7160928541E-04  -1.1981378082E-04  -1.3344834286E-04   3.6628295958E-04   2.7540479859E-04
   10     -3.0696559673E-04  -9.2485289500E-05  -5.3846279567E-04   2.4725112859E-04   1.1417477318E-03
   11     -1.5224103582E-04  -3.0054335522E-04   1.0488326259E-04  -5.9727688451E-04  -6.3587714765E-05
   12      9.9939396538E-04   1.6572071336E-03   2.2637208793E-03   4.7572707731E-04   3.9954961397E-04
   13      1.6623009872E-03  -1.9039149280E-03  -5.7714805811E-03   4.2290703159E-05   2.0784113016E-03
   14      1.0275274141E-03  -1.5622678558E-03  -1.0556819691E-03   2.0116212645E-03   2.0626066816E-03
   15      7.3726751303E-02  -6.1326062654E-02   1.0060323285E-02   1.7122866989E-03  -1.6773766365E-03
   16     -6.1326062654E-02   7.1613572866E-02  -8.9927195014E-03   1.4332045731E-03  -5.1036338885E-03
   17      1.0060323285E-02  -8.9927195014E-03   1.1918496632E-02  -7.7755469596E-04   4.5186429070E-03
   18      1.7122866989E-03   1.4332045731E-03  -7.7755469596E-04   2.8788542925E-02   3.4545458835E-02
   19     -1.6773766365E-03  -5.1036338885E-03   4.5186429070E-03   3.4545458835E-02   1.0511704415E-01
   20      4.9401093568E-04   2.3421390405E-03   6.9692205098E-05  -1.9963294780E-02  -5.0476790159E-02
   21      3.6455853529E-04  -1.0132613312E-04  -2.0901597023E-04   4.7276237375E-04   2.4383801394E-04
   22      1.3377502209E-04   2.6696499984E-05  -3.3280172669E-04   2.6228893910E-04   8.5347752175E-04
   23      7.9014954802E-05  -3.4382500913E-04  -3.3090945284E-04   1.1782702871E-04   2.0293395437E-04
   24     -7.5576711691E-04  -4.9991658613E-04   1.1108990610E-04  -1.7699565993E-03  -3.2968247721E-03
   25     -1.7666367571E-04   3.1211265668E-04   5.0721431219E-04  -4.5873254440E-04  -1.4924760322E-03
   26      1.0742053051E-04   2.1498758312E-04  -1.8311307788E-03   8.3753316128E-04   5.1453950418E-03
   27      3.0266519012E-04   1.5775922044E-04  -3.1007284288E-04   1.0487678716E-03   1.2965892743E-03
   28     -2.9489771197E-04  -4.2992514459E-04   5.1042323743E-04  -6.0162848581E-04  -5.1311020642E-03
   29     -2.1167247643E-04  -1.1365855293E-04   6.7171335352E-04  -8.4975938153E-04  -1.9052116798E-03
   30      2.0908950049E-04   1.2217160795E-04  -3.9803508900E-06   3.7984645439E-04   7.5069080898E-04
   31     -5.7978605584E-06  -1.3456127249E-04  -1.6371301243E-04   1.2650577595E-04   9.0767585677E-05
   32     -1.5332572419E-05  -5.9556070490E-05   4.0997731603E-04  -8.7179635302E-05  -1.2299030146E-03
   33     -2.4402544730E-03  -3.9283754559E-04  -2.0021200441E-03  -2.4006689373E-03  -2.9553799762E-03
   34      4.6615767143E-03   2.8490538529E-03   1.6926729860E-03  -4.5196371172E-03  -1.7402560752E-03
   35     -8.3776077170E-04  -1.0112280827E-04   2.5489207656E-03   2.7279408336E-03   2.4132083624E-03
   36     -9.0016472046E-05   1.0474421103E-03  -7.9112860188E-04  -9.3889684905E-03  -9.9325560598E-03
   37      6.7020489659E-04   2.5374143335E-03  -2.4789538591E-03  -7.9642168924E-03  -4.9264527906E-02
   38     -2.3462545138E-04  -1.3561101122E-03   2.3891099941E-06   4.6772916732E-03   2.1328369608E-02
   39      6.8296440701E-05  -2.1810185872E-04   1.4946771753E-04  -1.3742339709E-03  -1.8354167970E-03
   40     -1.4145820597E-04  -3.2172689651E-04   3.8791999616E-04  -5.5383122185E-03  -2.4482529372E-03
   41      3.7681896612E-05   2.2672730722E-04   8.4761807813E-05   2.3958913910E-03   1.6073476747E-03
   42      1.7868350167E-04  -5.6719140688E-05   3.6799477520E-05   1.4840689819E-03   1.0556639072E-04
   43     -2.1848312645E-04  -5.3188916928E-04   5.5948328839E-04   1.8126365770E-03  -3.2092746616E-03
   44      9.3819039028E-05   3.1220674766E-04  -4.0923522656E-05  -1.1275319892E-03   2.3646852503E-03
   45      1.9673471235E-04   1.9134711573E-04   2.3191155493E-05   1.8246947566E-04   7.2510019676E-04
   46      2.4367291025E-04  -1.7728567988E-04  -1.2304807793E-04   6.4066033719E-04   3.0345019263E-04
   47      1.1318059224E-05  -3.9632661519E-05   3.8785325925E-04   4.0407115907E-05  -9.0156440611E-04
                   20                 21                 22                 23                 24        
    0      1.1392163310E-02  -1.2002137099E-03  -3.2807933974E-04  -6.8084283540E-05   3.7264651972E-03
    1      1.9800717711E-02   7.8770000727E-04   3.6073068534E-04   1.6598097234E-03   9.2178416190E-04
    2     -1.9671895988E-02   1.5627008193E-03   2.0437636513E-03   2.3465498612E-03  -1.2038542859E-03
    3      1.4357991871E-03  -2.0855238891E-02  -6.8466000949E-03   2.6853031108E-02  -2.9726455403E-04
    4      3.5428518217E-03  -6.8594325502E-03  -1.9814679858E-02   2.7531960034E-02   5.4600123938E-03
    5      1.4066647842E-03   2.6821101930E-02   2.7891051365E-02  -1.1653627880E-01  -1.1194734024E-03
    6      2.9254018642E-04   1.3212030637E-03   1.1051070962E-03  -2.0631074709E-04  -1.7044094896E-02
    7     -1.1284629495E-03   1.4923248683E-03  -3.0693439061E-03   1.6467349295E-03   9.4123123868E-03
    8      7.3799914550E-04  -2.1854531041E-03   6.3219333241E-03  -9.3246992753E-04  -1.7223884049E-02
    9     -4.4071339543E-04   7.6630571917E-04  -3.7114341295E-06   8.6234736170E-04  -3.3342540255E-04
   10     -4.9743161069E-04  -1.4829521696E-03   2.6807902010E-03   9.3731952367E-04  -5.3276169985E-04
   11     -7.8534445527E-04   6.2823575073E-03   2.3992474378E-04  -6.5883437815E-04   1.9596890747E-04
   12      1.0884264998E-03   1.3222923687E-03  -1.7580395936E-04  -3.7672280917E-04  -1.4914357119E-03
   13      1.7898118406E-03  -6.0244371512E-04   8.9543866402E-04  -8.0845631086E-04  -8.7058340649E-04
   14     -4.6466670477E-03  -4.3082340090E-03  -4.0103764597E-03  -4.9264039883E-03  -8.7410050995E-04
   15      4.9401093568E-04   3.6455853529E-04   1.3377502209E-04   7.9014954802E-05  -7.5576711691E-04
   16      2.3421390405E-03  -1.0132613312E-04   2.6696499984E-05  -3.4382500913E-04  -4.9991658613E-04
   17      6.9692205098E-05  -2.0901597023E-04  -3.3280172669E-04  -3.3090945284E-04   1.1108990610E-04
   18     -1.9963294780E-02   4.7276237375E-04   2.6228893910E-04   1.1782702871E-04  -1.7699565993E-03
   19     -5.0476790159E-02   2.4383801394E-04   8.5347752175E-04   2.0293395437E-04  -3.2968247721E-03
   20      4.0210144875E-02  -2.3996812747E-04  -8.5677170587E-04  -6.5449191648E-04   1.5194933650E-04
   21     -2.3996812747E-04   1.7686446036E-02   7.1094500879E-03  -2.7375043705E-02  -2.5164129270E-04
   22     -8.5677170587E-04   7.1094500879E-03   1.7711107810E-02  -2.9863964815E-02  -1.5269642757E-03
   23     -6.5449191648E-04  -2.7375043705E-02  -2.9863964815E-02   1.2157078700E-01   5.6627896811E-04
   24      1.5194933650E-04  -2.5164129270E-04  -1.5269642757E-03   5.6627896811E-04   1.5676132992E-01
   25      7.0894280470E-04  -7.3127503602E-04   1.4443230763E-03  -9.6507181808E-04   3.1353076814E-02
   26     -2.0706907844E-03   9.8351094350E-04  -3.2023530624E-03   4.6055385701E-04   2.1441977037E-02
   27     -4.6380045182E-04   4.0188744355E-04  -2.8127109335E-04  -1.1564218581E-04  -4.5478125779E-02
   28     -2.0616563464E-03  -7.5251584055E-05   2.2084988676E-04   2.0581919180E-04   4.0338145117E-03
   29      1.9766496326E-03  -3.4491334637E-04   1.2564616011E-03  -5.7713917313E-05   2.2646682206E-02
   30      1.1590400747E-05   7.9688970346E-05   2.1219179346E-04  -6.4262582718E-05  -1.3597765119E-02
   31     -2.6577319490E-04   1.5438022892E-04  -2.9834722043E-04   1.5248128147E-04  -1.5388697614E-03
   32      2.1974022049E-04  -1.7022927166E-04   5.8053901784E-04   4.2624220326E-06  -8.1606010520E-04
   33      2.6497575361E-04   1.4266781411E-04  -2.2451658855E-05  -4.0477491494E-05  -9.1593282613E-04
   34      3.0153949022E-04  -1.6724365369E-04   2.9795364841E-05  -2.3514928630E-04   1.3808684306E-04
   35      1.4035085390E-03  -3.4213520699E-04  -4.4748023013E-04  -4.0172891837E-04   1.8374771635E-04
   36      4.4620836104E-03  -5.7566730373E-04   2.4428530569E-04  -2.2778975477E-04   4.6514238264E-04
   37      1.8823282869E-02   5.0389217836E-05  -1.7387761835E-03  -6.4058974107E-04   8.9071104719E-03
   38     -1.8252265347E-02  -1.9053658322E-04  -5.4209730308E-04   4.0950574407E-04   9.9656055290E-03
   39      1.4168718065E-03   1.5499681741E-04  -4.2196900060E-05   7.0824317397E-05   4.2959732398E-04
   40      3.1475699378E-03  -1.8699597033E-05   3.0803173894E-04   1.2646624103E-04  -1.4709331235E-03
   41      4.7173600543E-04   5.3388228295E-05   9.6571626110E-05  -1.0384042588E-04  -2.2136120341E-03
   42      8.5206022793E-05   1.6489243225E-04  -9.4798433573E-05   6.1601526500E-05  -1.6009450530E-03
   43      5.3518874320E-03   1.2697274829E-05   3.7065728733E-04   1.3457724493E-04  -1.8347798282E-03
   44     -9.7494471980E-04  -7.3301935113E-05   2.1025303522E-04  -1.3158912360E-04  -2.3455425693E-03
   45      1.2729172070E-05   5.0596230798E-06   2.5491555960E-04  -1.3710170725E-04  -7.7846180471E-02
   46     -5.2256502475E-04   1.8770812541E-04   1.9248431358E-05   2.5929358020E-04  -4.8651139407E-02
   47      5.6016485125E-04  -2.6371816762E-04   6.1500821415E-04  -5.7398032482E-05  -2.9467865632E-02
                   25                 26                 27                 28                 29        
    0      8.5958873330E-04  -1.2448623987E-03  -1.4981763499E-03   1.6477529374E-03   1.2730714646E-03
    1     -3.0963004074E-03  -2.6177523358E-03  -5.4166511034E-04   1.4868028673E-03   8.3243107113E-04
    2     -3.0424929800E-03   8.0074500834E-03   1.4312643724E-03  -2.8734488156E-03  -3.4559932492E-03
    3      3.9117910643E-03  -5.5022562712E-03  -1.7733065134E-03   2.6167490238E-04   1.7700106725E-03
    4     -7.2026862310E-03   1.5491406693E-02   1.6219136697E-03  -1.6424330874E-03  -4.9579569164E-03
    5      2.9393278776E-03   3.5463210558E-04   2.5058223548E-04  -6.0985326753E-04  -1.0079774018E-03
    6      8.9515970911E-03  -1.5297550719E-02   1.3268259098E-03  -8.4347288681E-04   2.3248912841E-03
    7     -2.0044891164E-02   1.5830236192E-02  -9.7794872399E-04   1.3420515955E-03   2.6711872436E-03
    8      1.8832392784E-02  -4.1632922638E-02   6.9777088626E-04   4.5362294245E-04  -5.1942388051E-03
    9     -1.0960179435E-03   1.7444635742E-03   3.9122873425E-04  -1.6780346065E-05  -3.8611354780E-04
   10      8.0225920798E-04  -2.8704144829E-03   3.8952028353E-05   2.5603404534E-04   8.6811504991E-04
   11     -5.3777006321E-05  -1.4961707516E-03  -5.6904312637E-04   5.4096097571E-04   1.4162550593E-04
   12      3.3139952065E-05  -7.3012883225E-04   3.3159719731E-04   6.1477658151E-06   1.1538204444E-04
   13      1.0221385200E-03  -3.7803446404E-03  -3.6391142811E-04   5.4479825964E-04   1.1144834613E-03
   14      8.1054386635E-04  -4.3680762726E-03  -4.5163235527E-04   7.7989665291E-04   1.5737254045E-03
   15     -1.7666367571E-04   1.0742053051E-04   3.0266519012E-04  -2.9489771197E-04  -2.1167247643E-04
   16      3.1211265668E-04   2.1498758312E-04   1.5775922044E-04  -4.2992514459E-04  -1.1365855293E-04
   17      5.0721431219E-04  -1.8311307788E-03  -3.1007284288E-04   5.1042323743E-04   6.7171335352E-04
   18     -4.5873254440E-04   8.3753316128E-04   1.0487678716E-03  -6.0162848581E-04  -8.4975938153E-04
   19     -1.4924760322E-03   5.1453950418E-03   1.2965892743E-03  -5.1311020642E-03  -1.9052116798E-03
   20      7.0894280470E-04  -2.0706907844E-03  -4.6380045182E-04  -2.0616563464E-03   1.9766496326E-03
   21     -7.3127503602E-04   9.8351094350E-04   4.0188744355E-04  -7.5251584055E-05  -3.4491334637E-04
   22      1.4443230763E-03  -3.2023530624E-03  -2.8127109335E-04   2.2084988676E-04   1.2564616011E-03
   23     -9.6507181808E-04   4.6055385701E-04  -1.1564218581E-04   2.0581919180E-04  -5.7713917313E-05
   24      3.1353076814E-02   2.1441977037E-02  -4.5478125779E-02   4.0338145117E-03   2.2646682206E-02
   25      2.1507040033E-01   3.5956916180E-02   5.4870118165E-03  -1.1002728599E-02  -5.9042430974E-03
   26      3.5956916180E-02   1.1873890367E-01   2.4491413548E-02  -4.1680875620E-03  -2.4123799194E-02
   27      5.4870118165E-03   2.4491413548E-02   5.8981670474E-02  -1.1221870163E-02  -3.6407897901E-02
   28     -1.1002728599E-02  -4.1680875620E-03  -1.1221870163E-02   3.4909519175E-02   3.5113774081E-02
   29     -5.9042430974E-03  -2.4123799194E-02  -3.6407897901E-02   3.5113774081E-02   8.1634643099E-02
   30     -1.6106256651E-03  -7.6832523189E-04  -3.6529242169E-04   4.8559355747E-03   3.3655081714E-03
   31     -1.2475954475E-01  -2.6575416466E-02   9.2855993192E-04  -7.8931582691E-04  -1.4638643908E-03
   32     -2.6147028750E-02  -1.8774612618E-02   1.6622989678E-03  -4.3409099094E-03  -1.4742533840E-03
   33      3.2824400609E-05   2.1981213254E-04   3.4691667461E-04  -3.7371989462E-04  -2.5889880949E-04
   34      5.7706369912E-04   5.7478442279E-04  -1.0520526116E-04  -3.8809022050E-04  -1.2930186138E-04
   35      6.2815940484E-04  -1.4837606554E-03  -2.4105016031E-04   4.5078257467E-04   7.1296391896E-04
   36      2.0557070592E-03   5.5709712811E-03  -9.9597502279E-03   3.7564407408E-03   4.2456692442E-03
   37      6.9754303270E-04  -1.1144270378E-02   1.1007291311E-03  -2.3062674173E-02  -2.0856045459E-02
   38     -2.7196252150E-03  -8.3831592639E-03   2.7862150357E-03  -2.3171725889E-02  -4.5383364087E-02
   39     -3.8074979350E-04  -1.5479561712E-03  -1.1325081984E-03   6.4737900079E-04   1.7750680600E-03
   40     -2.3341434002E-04   2.2646931671E-03   3.6701673218E-03   4.0535517211E-04  -2.8314651916E-03
   41      7.5368054193E-04   1.4283010259E-03   5.4316674795E-03  -1.6275299369E-03  -2.1919323178E-03
   42     -2.3656442427E-04  -6.7513036776E-04   1.6531158043E-03  -2.5743286523E-04  -1.7095027738E-04
   43     -6.9108445569E-04   2.0791769885E-03  -9.2275678266E-04   1.4630151241E-03  -4.0632695498E-03
   44      7.4993965229E-04   1.5809156890E-03  -1.8548383182E-03  -2.5719825668E-04  -4.9009240389E-03
   45     -4.7997532572E-02  -2.9629799235E-02  -4.5775158093E-03  -1.5218874975E-03   1.1122609215E-03
   46     -5.1402714538E-02  -2.3202487205E-02   1.1074216929E-04   1.8178429893E-03   3.6883778444E-04
   47     -2.3051348695E-02  -2.6406433472E-02   3.6644264876E-03   1.0548567339E-03   1.0788754802E-03
                   30                 31                 32                 33                 34        
    0     -8.7489627274E-04  -2.2981846676E-05   2.1185532678E-04  -1.1572831273E-01  -9.8473926108E-03
    1     -5.1404846293E-05   4.5192610327E-04   5.8604612639E-04  -1.0093596521E-02  -1.4901759790E-02
    2      2.1617492128E-04   6.0257760081E-04  -1.6767770870E-03  -3.8554982914E-02  -3.8542126032E-03
    3     -2.3273841271E-04  -1.2518161985E-03   1.1858224461E-03  -3.6650191861E-04   9.1200830329E-04
    4     -1.2241700774E-03   2.0206676357E-03  -2.9231862215E-03   5.2308350310E-04  -1.7693843825E-04
    5      2.5983173844E-04  -7.8314944897E-04  -8.8660288902E-05   5.6345820422E-04   1.0242061423E-03
    6      9.3187039593E-04   1.4086124404E-03  -1.6514430427E-03   3.0072203974E-04  -3.0133171839E-04
    7      2.6358905333E-03  -3.9132250128E-03   5.8153317059E-03  -1.0402794885E-04   7.4322250844E-05
    8     -4.0431546610E-04   1.0039087270E-03   2.7515567861E-04   2.2097582387E-05  -2.9821337296E-04
    9     -5.6344686754E-06   2.4203279777E-04  -2.7157628089E-04   1.8749271818E-04  -3.8994019082E-04
   10      3.2248410243E-04  -3.1156623806E-04   5.0358423092E-04  -1.5343484210E-04   9.4923740270E-05
   11     -1.0035551321E-04   8.7853857817E-05   2.5379011830E-04  -2.7911526350E-04  -3.1930946485E-04
   12      3.2517251543E-04   1.4744789460E-04   1.4339111677E-04   6.2019645562E-04  -2.2988981153E-03
   13      1.8167134896E-04  -5.6826980338E-04   8.8798565071E-04  -3.7169329435E-04   3.3820235020E-04
   14      2.1256210090E-04  -1.5186661165E-04   8.7038561727E-04  -7.1403568309E-04  -2.3929945436E-03
   15      2.0908950049E-04  -5.7978605584E-06  -1.5332572419E-05  -2.4402544730E-03   4.6615767143E-03
   16      1.2217160795E-04  -1.3456127249E-04  -5.9556070490E-05  -3.9283754559E-04   2.8490538529E-03
   17     -3.9803508900E-06  -1.6371301243E-04   4.0997731603E-04  -2.0021200441E-03   1.6926729860E-03
   18      3.7984645439E-04   1.2650577595E-04  -8.7179635302E-05  -2.4006689373E-03  -4.5196371172E-03
   19      7.5069080898E-04   9.0767585677E-05  -1.2299030146E-03  -2.9553799762E-03  -1.7402560752E-03
   20      1.1590400747E-05  -2.6577319490E-04   2.1974022049E-04   2.6497575361E-04   3.0153949022E-04
   21      7.9688970346E-05   1.5438022892E-04  -1.7022927166E-04   1.4266781411E-04  -1.6724365369E-04
   22      2.1219179346E-04  -2.9834722043E-04   5.8053901784E-04  -2.2451658855E-05   2.9795364841E-05
   23     -6.4262582718E-05   1.5248128147E-04   4.2624220326E-06  -4.0477491494E-05  -2.3514928630E-04
   24     -1.3597765119E-02  -1.5388697614E-03  -8.1606010520E-04  -9.1593282613E-04   1.3808684306E-04
   25     -1.6106256651E-03  -1.2475954475E-01  -2.6147028750E-02   3.2824400609E-05   5.7706369912E-04
   26     -7.6832523189E-04  -2.6575416466E-02  -1.8774612618E-02   2.1981213254E-04   5.7478442279E-04
   27     -3.6529242169E-04   9.2855993192E-04   1.6622989678E-03   3.4691667461E-04  -1.0520526116E-04
   28      4.8559355747E-03  -7.8931582691E-04  -4.3409099094E-03  -3.7371989462E-04  -3.8809022050E-04
   29      3.3655081714E-03  -1.4638643908E-03  -1.4742533840E-03  -2.5889880949E-04  -1.2930186138E-04
   30      1.0803443605E-02   2.3679361606E-04   3.8210797216E-04   2.1696494864E-04  -6.4559060224E-05
   31      2.3679361606E-04   1.2986277117E-01   2.7949147462E-02  -1.0184790404E-05  -1.3123364796E-04
   32      3.8210797216E-04   2.7949147462E-02   1.6257265158E-02  -2.6887608820E-05  -1.3816152139E-04
   33      2.1696494864E-04  -1.0184790404E-05  -2.6887608820E-05   1.1983696056E-01   1.2133275932E-02
   34     -6.4559060224E-05  -1.3123364796E-04  -1.3816152139E-04   1.2133275932E-02   1.2542970431E-02
   35     -2.6923406905E-05  -1.1142038837E-04   2.7597492312E-04   4.1380652755E-02   4.6915520776E-03
   36     -5.6182344365E-04  -5.4666062726E-04  -6.1088424665E-04  -2.6390783625E-04   1.6754258743E-04
   37     -1.5530627608E-03   6.6400615983E-05   1.7829589275E-03   2.5010270167E-03   1.7758144904E-03
   38     -2.3252266346E-03   1.2677753235E-03   1.9244470881E-03  -8.4819202330E-04  -1.1429798973E-03
   39      1.1218080652E-06   8.4521068320E-05   1.9172275033E-04  -1.2575157936E-05  -2.7498030557E-04
   40      3.1378118156E-04   3.2482447356E-05  -3.8454573458E-04  -5.0858415120E-04  -4.3794036298E-04
   41      4.3681375972E-04  -1.8484280351E-04  -2.6745006062E-04   1.6643339744E-04   2.2137897963E-04
   42      3.1278679041E-04   1.2286208303E-04   1.2954339766E-05   1.8886146096E-04  -4.6935432465E-05
   43      2.5628710192E-04   6.7440406185E-05  -3.0785140680E-04  -3.0381027372E-04  -1.5220629204E-04
   44      3.3297201495E-04  -3.1789008433E-04  -2.8641071834E-04   1.2163213798E-04   2.2665718561E-04
   45      2.3781651500E-03  -7.5585028305E-05  -1.4050301250E-04   2.8737120517E-04   3.2410861368E-06
   46     -5.3838949833E-03  -1.6863921849E-03  -2.5740839564E-03   9.9902044225E-05  -3.5372135300E-04
   47     -1.5242290369E-03  -1.0461743890E-03   2.0771656147E-03  -1.4174188154E-05  -2.2239996694E-04
                   35                 36                 37                 38                 39        
    0     -3.9171444097E-02  -1.5824618292E-03  -6.9568090719E-03   1.2945974323E-03   2.8148948171E-04
    1     -4.2507926359E-03  -1.3694987526E-03  -8.7113657019E-03   2.9930449111E-03   1.3841134013E-03
    2     -2.6854747863E-02   1.6425563761E-03   1.1245248204E-02  -2.7234576065E-04  -1.1096493613E-03
    3      1.6720715519E-03   2.5547805385E-03   2.1942059062E-04   3.9948586869E-04  -6.7579969805E-04
    4      2.7457725668E-03  -7.7020123770E-04   8.1472555258E-03   3.0749862085E-03   1.6825656219E-04
    5      2.0197825787E-03   4.7928127594E-04   3.1986898305E-03  -2.8589330417E-03  -2.7171665044E-04
    6      5.4287384858E-05  -1.2401414938E-03   2.5903637752E-04  -4.6048422399E-04   2.3834406531E-04
    7     -8.7074528978E-04   8.9151200064E-04  -3.9236477470E-03  -1.1282692139E-03  -1.8745102413E-04
    8      3.4064505555E-04  -1.5498569084E-03   3.3487031009E-03   1.5473515746E-03   3.0001834130E-04
    9     -6.3067606562E-04  -9.0221653825E-04  -1.4801488238E-04   3.4713761254E-04   2.5002872335E-04
   10     -7.0102309605E-04  -1.2167008644E-05  -1.7747300868E-03  -9.4594868329E-04  -1.2288579137E-05
   11     -3.0002714586E-04   1.7199307166E-04  -9.9414697967E-04   1.0677776389E-03   2.1600583418E-05
   12     -4.9738892232E-03  -7.8806862601E-04  -3.5131564525E-05  -2.7703457899E-04   1.7615605287E-04
   13     -3.0613541276E-03  -1.2084164445E-04  -1.6588894274E-03  -7.9966374709E-04  -8.2447321631E-06
   14     -3.8723644357E-03  -7.5322350653E-04  -4.9806290082E-03  -5.7710768408E-04   2.3216485268E-04
   15     -8.3776077170E-04  -9.0016472046E-05   6.7020489659E-04  -2.3462545138E-04   6.8296440701E-05
   16     -1.0112280827E-04   1.0474421103E-03   2.5374143335E-03  -1.3561101122E-03  -2.1810185872E-04
   17      2.5489207656E-03  -7.9112860188E-04  -2.4789538591E-03   2.3891099941E-06   1.4946771753E-04
   18      2.7279408336E-03  -9.3889684905E-03  -7.9642168924E-03   4.6772916732E-03  -1.3742339709E-03
   19      2.4132083624E-03  -9.9325560598E-03  -4.9264527906E-02   2.1328369608E-02  -1.8354167970E-03
   20      1.4035085390E-03   4.4620836104E-03   1.8823282869E-02  -1.8252265347E-02   1.4168718065E-03
   21     -3.4213520699E-04  -5.7566730373E-04   5.0389217836E-05  -1.9053658322E-04   1.5499681741E-04
   22     -4.4748023013E-04   2.4428530569E-04  -1.7387761835E-03  -5.4209730308E-04  -4.2196900060E-05
   23     -4.0172891837E-04  -2.2778975477E-04  -6.4058974107E-04   4.0950574407E-04   7.0824317397E-05
   24      1.8374771635E-04   4.6514238264E-04   8.9071104719E-03   9.9656055290E-03   4.2959732398E-04
   25      6.2815940484E-04   2.0557070592E-03   6.9754303270E-04  -2.7196252150E-03  -3.8074979350E-04
   26     -1.4837606554E-03   5.5709712811E-03  -1.1144270378E-02  -8.3831592639E-03  -1.5479561712E-03
   27     -2.4105016031E-04  -9.9597502279E-03   1.1007291311E-03   2.7862150357E-03  -1.1325081984E-03
   28      4.5078257467E-04   3.7564407408E-03  -2.3062674173E-02  -2.3171725889E-02   6.4737900079E-04
   29      7.1296391896E-04   4.2456692442E-03  -2.0856045459E-02  -4.5383364087E-02   1.7750680600E-03
   30     -2.6923406905E-05  -5.6182344365E-04  -1.5530627608E-03  -2.3252266346E-03   1.1218080652E-06
   31     -1.1142038837E-04  -5.4666062726E-04   6.6400615983E-05   1.2677753235E-03   8.4521068320E-05
   32      2.7597492312E-04  -6.1088424665E-04   1.7829589275E-03   1.9244470881E-03   1.9172275033E-04
   33      4.1380652755E-02  -2.6390783625E-04   2.5010270167E-03  -8.4819202330E-04  -1.2575157936E-05
   34      4.6915520776E-03   1.6754258743E-04   1.7758144904E-03  -1.1429798973E-03  -2.7498030557E-04
   35      2.5319508812E-02  -2.9995905702E-05  -2.0422597788E-03  -3.0387432800E-04   2.0650889318E-04
   36     -2.9995905702E-05   2.3033184906E-01  -1.3309388050E-02   2.4814429462E-02  -1.2794084026E-01
   37     -2.0422597788E-03  -1.3309388050E-02   1.0940488268E-01  -1.3915255024E-02  -1.1189595832E-03
   38     -3.0387432800E-04   2.4814429462E-02  -1.3915255024E-02   1.4664684265E-01   1.7508515775E-02
