
$orca_hessian_file

$act_atom
  0

$act_coord
  0

$act_energy
        0.000000

$multiplicity
  1

$hessian
48
                    0                  1                  2                  3                  4        
    0      2.4996108247E-01  -3.1383730725E-02   3.0724045548E-02   4.2151118049E-03  -9.0809719207E-04
    1     -3.1383730725E-02   1.6383011008E-01   4.2543683673E-03  -2.8432734066E-03  -5.1655901889E-04
    2      3.0724045548E-02   4.2543683673E-03   1.2085160780E-01  -9.8044197979E-03  -1.5218935755E-02
    3      4.2151118049E-03  -2.8432734066E-03  -9.8044197979E-03   1.8716951915E-01   6.3732939001E-03
    4     -9.0809719207E-04  -5.1655901889E-04  -1.5218935755E-02   6.3732939001E-03   1.1809696009E-01
    5     -2.5073699830E-03  -5.1394815712E-03  -9.9372538190E-03  -4.9226660103E-02  -2.4587809017E-02
    6     -1.5602346604E-03   3.5174789780E-04  -8.1143748476E-04  -2.3806977595E-02   2.1949141770E-02
    7      6.1111256477E-04  -4.1557613135E-04   6.3143390604E-03   2.3540510285E-02  -4.8978664055E-02
    8     -2.8067614151E-05   1.0210951106E-03  -2.1130871088E-03  -3.8278578489E-03   5.9465095536E-03
    9     -1.7944285463E-03   1.4760663196E-03   3.1050043930E-03  -1.0717824308E-01  -5.2510235829E-03
   10      1.4786062004E-04  -6.9021256310E-04   3.2577053676E-03  -5.4498857928E-03  -1.4757670368E-02
   11      9.7616785135E-04   1.5923337981E-03   1.6097239925E-04   5.4719081189E-02   3.5419424491E-03
   12     -1.1654890571E-02   1.7058123734E-03   4.0404025252E-03  -3.6034887794E-02  -2.0666221836E-02
   13      1.4290158932E-03  -2.2734111797E-02  -2.0049584770E-02  -2.0104824888E-02  -2.5387967351E-02
   14      1.6707184766E-03  -2.2714048542E-02  -5.1050033405E-02  -1.8133671013E-02  -1.4571584681E-02
   15     -8.7546293861E-02   6.3171183922E-02  -4.7700548941E-03  -2.2432424570E-03  -2.4425470937E-04
   16      6.2878511100E-02  -7.0949553663E-02   3.1995675104E-03   9.9194596435E-04   3.7583381656E-04
   17     -5.0690935510E-03   3.3908122723E-03  -1.5364451263E-02   2.2652785978E-03   3.2030927848E-03
   18     -1.6827436314E-02  -1.6538909814E-02   8.6123055199E-03  -2.8156781246E-03  -1.7830859991E-03
   19     -1.5852209397E-02  -4.7191493336E-02   1.9118346112E-02  -1.6929442580E-03  -5.6095020050E-03
   20      9.6996992654E-03   2.1747040797E-02  -2.1341024639E-02   1.8876638383E-03   4.1358505214E-03
   21     -1.2104569553E-03   9.0268832163E-04   2.1517236451E-03  -1.9010693452E-02  -4.9128907135E-03
   22     -1.6380089459E-04   2.7864074876E-04   2.5776158182E-03  -4.8298930593E-03  -2.1177485914E-02
   23      6.2597178588E-05   1.6082492293E-03   2.7043550946E-03   2.0908248612E-02   2.9023674647E-02
   24      4.2532489446E-03   1.0086156820E-03  -9.7583832729E-04   6.0463499711E-04   6.0932724400E-03
   25      7.7114768758E-04  -3.9318828291E-03  -3.5869681718E-03   4.7666432939E-03  -7.8148021042E-03
   26     -7.1654322529E-04  -3.3730954209E-03   9.1351442898E-03  -6.8371736028E-03   1.6117896258E-02
   27     -1.6818079432E-03  -3.7095990691E-04   1.5652086846E-03  -2.5450156745E-03   2.0322511777E-03
   28      1.7959757420E-03   2.3361873741E-03  -3.3193408280E-03   5.3093602632E-04  -1.8682693130E-03
   29      1.2854848412E-03   9.7663882082E-04  -4.0465253129E-03   2.3360204181E-03  -5.9001352283E-03
   30     -9.4767122071E-04  -4.9911290178E-05   1.6245137142E-04  -2.6754281108E-04  -1.4799682070E-03
   31     -3.6010501857E-05   4.8771068619E-04   6.4799662610E-04  -1.5790456681E-03   2.4329049362E-03
   32      1.2344595922E-04   6.6940485871E-04  -1.8684551751E-03   1.5406823819E-03  -3.2170094388E-03
   33     -1.3243782270E-01  -1.5182482173E-02  -3.5679683921E-02  -1.9558191260E-04   7.2708430215E-04
   34     -1.5029901935E-02  -1.7523035874E-02  -4.8508440589E-03   1.0448928649E-03  -1.4332746596E-04
   35     -3.6111796738E-02  -5.1689483284E-03  -2.5000440726E-02   2.1725097859E-03   3.2658940996E-03
   36     -1.4579155664E-03  -3.6298708726E-03   3.2652769509E-03   4.0348716009E-03  -4.0227022252E-04
   37     -6.2796981210E-03  -9.4802534268E-03   1.2157629895E-02  -3.0986576844E-05   9.2522240967E-03
   38      8.8674230410E-04   3.5601947303E-03   3.9443866560E-04   8.0552951747E-04   3.6876417123E-03
   39      2.6103376377E-04   2.0104785398E-03  -1.4439634344E-03  -9.0985814261E-04   1.0588407581E-04
   40      1.1256835062E-03   2.2663147749E-03  -2.5685748618E-03   1.3027717434E-04  -1.7279272625E-03
   41     -2.7094898758E-04  -1.3054938662E-03  -3.2185292312E-04  -5.8727400063E-04  -6.0985381953E-04
   42     -3.1139640392E-04   4.6699445706E-04  -2.2249596251E-04  -8.3775560762E-04   1.8150021882E-04
   43      1.9118113524E-03   2.5356852174E-03  -2.6275101072E-03  -9.2884216308E-05  -1.8425164781E-03
   44     -7.9425974493E-04  -1.8603861707E-03   1.8562103208E-04   4.7340017444E-04  -8.5287732624E-04
   45     -1.2601222426E-03  -1.0957689896E-03   8.1204950789E-05  -1.7866090422E-04  -1.8158996615E-03
   46     -1.0163500344E-03   1.6980297610E-03   6.9448436453E-04  -7.5347740292E-04  -3.3323160686E-04
   47      6.9448652114E-05   7.4102134659E-04  -2.3890149139E-03   1.3076364649E-03  -3.9648307756E-03
                    5                  6                  7                  8                  9        
    0     -2.5073699830E-03  -1.5602346604E-03   6.1111256477E-04  -2.8067614151E-05  -1.7944285463E-03
    1     -5.1394815712E-03   3.5174789780E-04  -4.1557613135E-04   1.0210951106E-03   1.4760663196E-03
    2     -9.9372538190E-03  -8.1143748476E-04   6.3143390604E-03  -2.1130871088E-03   3.1050043930E-03
    3     -4.9226660103E-02  -2.3806977595E-02   2.3540510285E-02  -3.8278578489E-03  -1.0717824308E-01
    4     -2.4587809017E-02   2.1949141770E-02  -4.8978664055E-02   5.9465095536E-03  -5.2510235829E-03
    5      2.3295675314E-01  -4.2986833232E-03   8.5971117205E-03  -1.3493529528E-02   5.4305474442E-02
    6     -4.2986833232E-03   4.3399185640E-02  -4.2303923327E-02   2.6510263895E-02  -3.0237291323E-03
    7      8.5971117205E-03  -4.2303923327E-02   8.6478409095E-02  -3.6787222674E-02   2.3167379527E-03
    8     -1.3493529528E-02   2.6510263895E-02  -3.6787222674E-02   6.1111848864E-02   3.5864097616E-04
    9      5.4305474442E-02  -3.0237291323E-03   2.3167379527E-03   3.5864097616E-04   1.1442172952E-01
   10      3.5895527557E-03   6.7891563367E-03  -1.4066351168E-03  -2.1664978940E-04   5.1569319900E-03
   11     -4.9286745596E-02   2.1543240436E-04  -3.6776579171E-04   2.2754169971E-03  -5.7693504623E-02
   12     -1.9153390262E-02   1.7922272946E-03   2.2598336640E-04   8.3657237285E-04  -4.2035793420E-03
   13     -1.6631523925E-02  -1.3727528423E-03  -6.5091990826E-03  -9.9364476666E-04  -2.4872156843E-03
   14     -2.7877318367E-02   3.5245837197E-04  -3.7357723908E-03   1.8692458640E-03  -7.0583905535E-04
   15     -8.1435165252E-05   4.4250293894E-04  -9.5917175009E-05   4.4084951973E-05   5.1557498952E-04
   16      1.5936390644E-03   1.0954649770E-04  -3.8802953824E-04  -2.1321019033E-04  -1.4537241954E-04
   17      1.6357640402E-03   3.3127041170E-04  -1.5279908911E-03   4.1164739863E-04  -2.1558695506E-04
   18     -5.0005433403E-04   4.8384290594E-04   3.9622790366E-04  -1.5522873039E-04   4.3834653368E-04
   19     -1.1223934284E-03  -4.2382999386E-04   2.2028881785E-03  -1.4377935844E-03   3.2905540048E-04
   20      1.8285483527E-03   3.3685319413E-04  -1.3203033251E-03   7.4704050618E-04  -6.4467991375E-04
   21      2.0811839151E-02   1.1486012976E-03   2.0479888176E-03  -3.0432456327E-03   1.4903519265E-03
   22      2.9348090114E-02   1.7817765611E-03  -3.2166008108E-03   6.9013140193E-03  -8.8739705348E-05
   23     -1.3416286148E-01  -5.6630566258E-04   1.8262297113E-03  -1.0052616120E-03   9.4801941730E-04
   24     -1.5687235425E-03  -1.9491912843E-02   1.1236725284E-02  -1.7892291411E-02  -2.7767582948E-04
   25      3.3954015599E-03   1.0377964486E-02  -2.4272574088E-02   2.0355272787E-02  -1.4525418528E-03
   26      7.0694162635E-04  -1.5951101545E-02   1.8054753950E-02  -4.2512514321E-02   2.1846188343E-03
   27      2.6700896483E-04   1.6438338869E-03  -1.3863603381E-03   1.0488092404E-03   5.1996735826E-04
   28     -9.2278551970E-04  -1.1141091105E-03   1.7206683734E-03   6.0570877318E-04   1.4340813585E-05
   29     -9.9582489868E-04   2.3279214435E-03   3.5339490322E-03  -6.2117996572E-03  -5.2059954213E-04
   30      2.9573673932E-04   9.5361741511E-04   3.0860364950E-03  -4.1891602494E-04  -2.7890241469E-05
   31     -7.8901963179E-04   1.8725845390E-03  -4.4961455317E-03   1.0984566268E-03   3.5062107050E-04
   32     -5.5596309086E-05  -2.0045173062E-03   6.3882851413E-03   4.7029913092E-04  -3.5792464175E-04
   33      7.0239155882E-04   3.1485417955E-04  -1.9829161833E-04   3.7776410202E-05   1.0546217018E-04
   34      1.1325342544E-03  -3.3039985788E-04   5.3847457551E-05  -3.6213376353E-04  -4.5877462461E-04
   35      2.1413999167E-03   8.9010985261E-05  -1.0578772455E-03   3.9610961142E-04  -7.6519877809E-04
   36      9.0981214209E-04  -1.4317296585E-03   9.7585028609E-04  -1.7937173926E-03  -1.4538940820E-03
   37      3.5596092089E-03   4.4265321295E-04  -4.6184028244E-03   3.9743257012E-03  -2.1277616690E-04
   38     -3.8263129373E-03  -5.4008847971E-04  -1.2045989243E-03   1.9598969018E-03   4.7824076806E-04
   39     -3.9593470860E-04   2.3964307292E-04  -2.2285605695E-04   3.7730523147E-04   3.4702471950E-04
   40     -6.2156868571E-04  -1.8234747884E-04   8.6195212189E-04  -6.1049026803E-04  -4.4026141813E-05
   41      6.4347232586E-04   3.8271306383E-04   9.8109382498E-05  -3.3697904077E-04   1.9179112749E-04
   42     -2.8843833655E-05   4.6126105218E-04  -2.4409932549E-04   4.5866696262E-04   2.8464660796E-04
   43     -6.1463708529E-04  -1.2900078181E-04   9.1351595911E-04  -8.1564603558E-04   5.5152988774E-05
   44      3.6398455533E-04  -2.1106642728E-05   4.5328772606E-04  -9.0840292685E-04  -1.8791351093E-04
   45      4.6983764396E-04  -1.5649857952E-03   1.4206638418E-05  -2.5124409897E-03  -1.6366357452E-04
   46     -7.8618579852E-04   2.1818603394E-03   2.0705459930E-03   1.5343232003E-03   4.4153349166E-04
   47     -6.4142101930E-04  -6.3530377225E-03   7.3525081808E-04  -2.6599310791E-03  -4.7943389083E-04
                   10                 11                 12                 13                 14        
    0      1.4786062004E-04   9.7616785135E-04  -1.1654890571E-02   1.4290158932E-03   1.6707184766E-03
    1     -6.9021256310E-04   1.5923337981E-03   1.7058123734E-03  -2.2734111797E-02  -2.2714048542E-02
    2      3.2577053676E-03   1.6097239925E-04   4.0404025252E-03  -2.0049584770E-02  -5.1050033405E-02
    3     -5.4498857928E-03   5.4719081189E-02  -3.6034887794E-02  -2.0104824888E-02  -1.8133671013E-02
    4     -1.4757670368E-02   3.5419424491E-03  -2.0666221836E-02  -2.5387967351E-02  -1.4571584681E-02
    5      3.5895527557E-03  -4.9286745596E-02  -1.9153390262E-02  -1.6631523925E-02  -2.7877318367E-02
    6      6.7891563367E-03   2.1543240436E-04   1.7922272946E-03  -1.3727528423E-03   3.5245837197E-04
    7     -1.4066351168E-03  -3.6776579171E-04   2.2598336640E-04  -6.5091990826E-03  -3.7357723908E-03
    8     -2.1664978940E-04   2.2754169971E-03   8.3657237285E-04  -9.9364476666E-04   1.8692458640E-03
    9      5.1569319900E-03  -5.7693504623E-02  -4.2035793420E-03  -2.4872156843E-03  -7.0583905535E-04
   10      1.2727127366E-02  -3.5058077672E-03  -4.7203307387E-03   9.0370697013E-05  -5.9346682282E-04
   11     -3.5058077672E-03   4.7101012528E-02  -3.1853446534E-03  -9.2714638673E-04   2.0870627522E-03
   12     -4.7203307387E-03  -3.1853446534E-03   4.7250990117E-02   2.3506653490E-02   2.1311382754E-02
   13      9.0370697013E-05  -9.2714638673E-04   2.3506653490E-02   5.2762521320E-02   4.9317764961E-02
   14     -5.9346682282E-04   2.0870627522E-03   2.1311382754E-02   4.9317764961E-02   9.3465284390E-02
   15     -3.9287113228E-04  -2.2686128510E-04   1.4560378593E-03   1.5864868238E-03   1.1994882582E-03
   16     -1.5751417658E-04  -4.1563638070E-04   1.7814561616E-03  -1.8477250933E-03  -1.9759670289E-03
   17     -6.6231612626E-04   1.3854495296E-04   2.6861110990E-03  -6.5780462259E-03  -1.6906518090E-03
   18      2.9415630235E-04  -9.2744245182E-04   9.4431753524E-04   6.4782701907E-05   2.5693061324E-03
   19      1.4329306668E-03  -2.3883507431E-04   6.2956521074E-04   2.4695761685E-03   3.0900683633E-03
   20     -5.6910708172E-04  -8.9750143154E-04   7.7003385407E-04   2.4582959593E-03  -6.0298616608E-03
   21     -1.5063088194E-03   6.8918247898E-03   1.1489163037E-03  -8.2962020593E-04  -5.0729088396E-03
   22      3.0978078467E-03   5.3183291680E-04  -5.7644350076E-04   9.8312185638E-04  -4.8780331773E-03
   23      1.0846736538E-03  -1.2579556631E-03  -8.2339706697E-04  -1.0396347490E-03  -4.9519500250E-03
   24     -1.0407409223E-03   4.6389407127E-04  -1.8064746894E-03  -1.3781561689E-03  -1.1194931003E-03
   25      1.0678500563E-03  -1.1227935825E-04   6.3376058200E-05   1.4886010175E-03   8.6260644173E-04
   26     -3.0767703963E-03  -1.9510847918E-03  -8.1453977735E-04  -4.5402958301E-03  -5.0854624705E-03
   27      1.6176948629E-04  -7.9741655832E-04   4.6727034030E-04  -4.7916992084E-04  -4.7359902451E-04
   28      2.3113911943E-04   7.8986684639E-04  -1.8962415894E-05   5.0964430973E-04   9.4088421785E-04
   29      1.0814410593E-03   1.7796123897E-04   1.8411675313E-04   1.4036654443E-03   1.7996230595E-03
   30      4.1461524522E-04  -1.2203277691E-04   3.7928437801E-04   2.7116826487E-04   2.8524698936E-04
   31     -4.0518322163E-04   5.6962683815E-05   1.1717231260E-04  -6.7790645932E-04  -2.6054261768E-04
   32      5.2530092159E-04   3.3338249742E-04   1.4471339760E-04   1.0211261043E-03   9.7281647318E-04
   33     -2.0590375829E-04  -3.0039205997E-04   5.5510110758E-04  -6.2007475046E-04  -9.5986246950E-04
   34      9.8416995515E-05  -3.7021619321E-04  -2.6235629622E-03   3.6797329220E-04  -2.3744337061E-03
   35     -8.0193873600E-04  -1.9339766716E-04  -5.8683054401E-03  -3.6172292217E-03  -4.0100646673E-03
   36     -1.7735172552E-04   4.2046918549E-04  -1.0371418778E-03   1.4098404722E-05  -1.6888914114E-03
   37     -2.1779769589E-03  -1.3229892769E-03  -3.1210430242E-04  -1.7951433123E-03  -5.8969672155E-03
   38     -1.2616289784E-03   1.6752961523E-03  -4.7300216964E-04  -1.2456324250E-03  -5.6180285484E-04
   39      7.3830289872E-06   2.1967345543E-05   2.0540340681E-04  -2.2713585829E-05   4.4011839508E-04
   40      4.3653335146E-04   2.8472111249E-04  -6.1416809711E-05   3.6489483878E-04   1.0561736675E-03
   41      2.6078406972E-04  -4.8154164916E-04   3.0412707023E-04   3.5864163845E-04   8.6065056964E-05
   42      4.0994036368E-05  -1.4761493910E-04   2.3172775700E-04  -8.4156729451E-06   2.8010728927E-04
   43      3.9270858948E-04   2.3529932592E-04   1.5193604283E-04   3.4270001967E-04   1.1968655915E-03
   44      2.1982898318E-04  -2.1475917207E-04   2.6257723944E-05   3.0985330913E-04  -7.6240845306E-05
   45      4.8055599435E-04  -3.0933653603E-04   3.0569817439E-04   4.3145848748E-04   4.5258933920E-05
   46      2.0307716705E-05   2.2766516360E-04   7.9636720327E-04  -4.2735042435E-04   5.3567626811E-04
   47      6.6845082006E-04   3.3333645201E-04   1.4441131759E-05   7.5416755541E-04   1.0532885094E-03
                   15                 16                 17                 18                 19        
    0     -8.7546293861E-02   6.2878511100E-02  -5.0690935510E-03  -1.6827436314E-02  -1.5852209397E-02
    1      6.3171183922E-02  -7.0949553663E-02   3.3908122723E-03  -1.6538909814E-02  -4.7191493336E-02
    2     -4.7700548941E-03   3.1995675104E-03  -1.5364451263E-02   8.6123055199E-03   1.9118346112E-02
    3     -2.2432424570E-03   9.9194596435E-04   2.2652785978E-03  -2.8156781246E-03  -1.6929442580E-03
    4     -2.4425470937E-04   3.7583381656E-04   3.2030927848E-03  -1.7830859991E-03  -5.6095020050E-03
    5     -8.1435165252E-05   1.5936390644E-03   1.6357640402E-03  -5.0005433403E-04  -1.1223934284E-03
    6      4.4250293894E-04   1.0954649770E-04   3.3127041170E-04   4.8384290594E-04  -4.2382999386E-04
    7     -9.5917175009E-05  -3.8802953824E-04  -1.5279908911E-03   3.9622790366E-04   2.2028881785E-03
    8      4.4084951973E-05  -2.1321019033E-04   4.1164739863E-04  -1.5522873039E-04  -1.4377935844E-03
    9      5.1557498952E-04  -1.4537241954E-04  -2.1558695506E-04   4.3834653368E-04   3.2905540048E-04
   10     -3.9287113228E-04  -1.5751417658E-04  -6.6231612626E-04   2.9415630235E-04   1.4329306668E-03
   11     -2.2686128510E-04  -4.1563638070E-04   1.3854495296E-04  -9.2744245182E-04  -2.3883507431E-04
   12      1.4560378593E-03   1.7814561616E-03   2.6861110990E-03   9.4431753524E-04   6.2956521074E-04
   13      1.5864868238E-03  -1.8477250933E-03  -6.5780462259E-03   6.4782701907E-05   2.4695761685E-03
   14      1.1994882582E-03  -1.9759670289E-03  -1.6906518090E-03   2.5693061324E-03   3.0900683633E-03
   15      8.8038162790E-02  -6.7930986037E-02   4.2595185078E-03   2.1054662157E-03  -1.3255697194E-03
   16     -6.7930986037E-02   7.4173475142E-02  -2.9713771140E-03   1.8038933289E-03  -5.8993181658E-03
   17      4.2595185078E-03  -2.9713771140E-03   1.1761216637E-02  -9.2539001721E-04   4.8865592521E-03
   18      2.1054662157E-03   1.8038933289E-03  -9.2539001721E-04   3.4704143098E-02   4.2266098536E-02
   19     -1.3255697194E-03  -5.8993181658E-03   4.8865592521E-03   4.2266098536E-02   1.1563874944E-01
   20      2.0456106659E-04   2.2264919032E-03   5.5031727816E-04  -2.2567997125E-02  -5.4115543045E-02
   21      4.0492487772E-04  -1.1213430653E-04  -2.9145689008E-04   6.0738802872E-04   3.6404684416E-04
   22      1.3040091219E-04  -1.2424023912E-05  -4.6527577185E-04   3.1718161464E-04   1.0224607102E-03
   23      6.1481137373E-05  -3.6753651405E-04  -4.1746809173E-04   1.3625000936E-04   2.9909085148E-04
   24     -7.3843356619E-04  -6.8571001201E-04   3.1089404297E-05  -2.7218283561E-03  -3.9815484442E-03
   25     -1.7462978885E-04   4.0754100290E-04   6.1290151814E-04  -8.5347669580E-04  -1.5564480085E-03
   26      6.2014679950E-05   2.6296828506E-04  -1.9836647557E-03   9.4449518016E-04   6.0501271820E-03
   27      3.3784116292E-04   2.0298118287E-04  -3.4369381685E-04   1.5664971374E-03   1.0964939588E-03
   28     -2.7358605991E-04  -6.2747094004E-04   6.0177402371E-04  -8.5145669927E-04  -6.6028124087E-03
   29     -2.1564927389E-04  -1.9447151560E-04   7.8690676468E-04  -1.2558083498E-03  -2.3919249325E-03
   30      1.8961414622E-04   1.5643041518E-04   6.0858474950E-06   5.7447151909E-04   8.8856939088E-04
   31      2.4610021039E-06  -1.4646512299E-04  -1.6287053528E-04   1.7024038360E-04   1.5392717723E-05
   32     -8.4807801838E-06  -6.7523656342E-05   4.2711601858E-04  -9.4426801327E-05  -1.4347646001E-03
   33     -3.1782057633E-03  -4.6233407458E-04  -1.9637947282E-03  -2.2351182099E-03  -3.1941238143E-03
   34      5.0365723461E-03   3.4057937708E-03   1.4164879364E-03  -5.4948729538E-03  -2.4282299447E-03
   35     -4.8087611064E-04  -1.1604048857E-04   3.3173194808E-03   3.2044274026E-03   2.8306556665E-03
   36     -2.7939228542E-04   1.5810503328E-03  -1.0408637358E-03  -1.6670639655E-02  -1.7031584896E-02
   37      5.9117983678E-04   2.8361225699E-03  -2.6496588669E-03  -1.5853028008E-02  -4.8104983612E-02
   38     -1.5301582993E-04  -1.5352071817E-03  -1.4715025372E-04   8.9196380640E-03   2.1165370285E-02
   39      1.1381372715E-04  -3.1969208096E-04   1.8922460186E-04  -2.2993044519E-03  -2.3486184318E-03
   40     -1.6116117405E-04  -3.5423849028E-04   4.0385850343E-04  -6.2143293182E-03  -1.8273266819E-03
   41      2.8824433187E-05   2.5824422748E-04   1.5617460826E-04   2.5785395336E-03   1.4023355662E-03
   42      1.6130316848E-04  -1.2603498721E-04   7.1104575282E-05   2.0105269123E-03  -7.3790200082E-04
   43     -1.5108305226E-04  -6.0114204316E-04   5.7572366326E-04   1.0997465664E-03  -3.7602566860E-03
   44      7.1513271220E-05   3.9724347176E-04  -3.8045553319E-05  -8.0713762820E-04   3.0425169349E-03
   45      2.2032605711E-04   2.7647265759E-04   9.9144237050E-06   1.3500522559E-04   1.0149859340E-03
   46      2.3175028213E-04  -2.1488504505E-04  -7.3463652659E-05   1.1763478319E-03   1.9837297009E-04
   47      5.1692580389E-06  -8.1395162244E-05   4.5642454678E-04   2.6831207621E-04  -1.1439550565E-03
                   20                 21                 22                 23                 24        
    0      9.6996992654E-03  -1.2104569553E-03  -1.6380089459E-04   6.2597178588E-05   4.2532489446E-03
    1      2.1747040797E-02   9.0268832163E-04   2.7864074876E-04   1.6082492293E-03   1.0086156820E-03
    2     -2.1341024639E-02   2.1517236451E-03   2.5776158182E-03   2.7043550946E-03  -9.7583832729E-04
    3      1.8876638383E-03  -1.9010693452E-02  -4.8298930593E-03   2.0908248612E-02   6.0463499711E-04
    4      4.1358505214E-03  -4.9128907135E-03  -2.1177485914E-02   2.9023674647E-02   6.0932724400E-03
    5      1.8285483527E-03   2.0811839151E-02   2.9348090114E-02  -1.3416286148E-01  -1.5687235425E-03
    6      3.3685319413E-04   1.1486012976E-03   1.7817765611E-03  -5.6630566258E-04  -1.9491912843E-02
    7     -1.3203033251E-03   2.0479888176E-03  -3.2166008108E-03   1.8262297113E-03   1.1236725284E-02
    8      7.4704050618E-04  -3.0432456327E-03   6.9013140193E-03  -1.0052616120E-03  -1.7892291411E-02
    9     -6.4467991375E-04   1.4903519265E-03  -8.8739705348E-05   9.4801941730E-04  -2.7767582948E-04
   10     -5.6910708172E-04  -1.5063088194E-03   3.0978078467E-03   1.0846736538E-03  -1.0407409223E-03
   11     -8.9750143154E-04   6.8918247898E-03   5.3183291680E-04  -1.2579556631E-03   4.6389407127E-04
   12      7.7003385407E-04   1.1489163037E-03  -5.7644350076E-04  -8.2339706697E-04  -1.8064746894E-03
   13      2.4582959593E-03  -8.2962020593E-04   9.8312185638E-04  -1.0396347490E-03  -1.3781561689E-03
   14     -6.0298616608E-03  -5.0729088396E-03  -4.8780331773E-03  -4.9519500250E-03  -1.1194931003E-03
   15      2.0456106659E-04   4.0492487772E-04   1.3040091219E-04   6.1481137373E-05  -7.3843356619E-04
   16      2.2264919032E-03  -1.1213430653E-04  -1.2424023912E-05  -3.6753651405E-04  -6.8571001201E-04
   17      5.5031727816E-04  -2.9145689008E-04  -4.6527577185E-04  -4.1746809173E-04   3.1089404297E-05
   18     -2.2567997125E-02   6.0738802872E-04   3.1718161464E-04   1.3625000936E-04  -2.7218283561E-03
   19     -5.4115543045E-02   3.6404684416E-04   1.0224607102E-03   2.9909085148E-04  -3.9815484442E-03
   20      4.4532175398E-02  -3.6431768426E-04  -9.6244657275E-04  -7.5317618179E-04   3.7709341892E-04
   21     -3.6431768426E-04   1.5460469218E-02   4.8967417118E-03  -2.0812470348E-02  -3.2014431495E-04
   22     -9.6244657275E-04   4.8967417118E-03   1.8483414688E-02  -3.1441730580E-02  -1.6514299009E-03
   23     -7.5317618179E-04  -2.0812470348E-02  -3.1441730580E-02   1.3974913874E-01   6.4502387603E-04
   24      3.7709341892E-04  -3.2014431495E-04  -1.6514299009E-03   6.4502387603E-04   1.6857323428E-01
   25      1.2275799099E-03  -1.0349359237E-03   1.7990601081E-03  -1.0610763798E-03   3.1179029118E-02
   26     -2.3153528297E-03   1.4612150688E-03  -3.5906189894E-03   6.3183214977E-04   2.3188245718E-02
   27     -9.6427331405E-04   5.4272208578E-04  -3.6256927538E-04  -9.4055532099E-05  -4.8784386917E-02
   28     -2.1209833262E-03  -1.5020967428E-04   2.4559798523E-04   2.1041630520E-04   4.2559488397E-03
   29      2.4180708133E-03  -4.5438935521E-04   1.4388467372E-03  -1.1302541962E-04   2.5392773604E-02
   30     -5.2009776254E-05   1.0375783176E-04   2.5077920683E-04  -8.5608766019E-05  -1.5271495283E-02
   31     -2.8279084324E-04   2.2049083779E-04  -3.9507315944E-04   2.0747542103E-04   9.0646283494E-04
   32      2.8578659173E-04  -2.3662722465E-04   6.2251008944E-04  -3.1204541410E-05  -2.4381302985E-04
   33      4.7006371212E-04   1.1046012279E-04  -7.5104482742E-05  -1.0036333766E-04  -1.0552622454E-03
   34      6.2399519575E-04  -1.9148294357E-04   5.8913881292E-05  -2.4479001234E-04   2.2165322460E-04
   35      1.4744073506E-03  -4.5210865407E-04  -5.1811602468E-04  -4.6271494201E-04   2.2209390449E-04
   36      8.1278410067E-03  -8.8472270616E-04   1.2509045446E-04  -2.4094671676E-04   8.3353384088E-05
   37      1.8607597142E-02   9.0525714706E-05  -1.8986550517E-03  -6.4802298919E-04   1.0274880915E-02
   38     -2.0583663631E-02  -2.5149909085E-04  -6.2001706863E-04   4.5403790358E-04   1.0153450187E-02
   39      1.6160081952E-03   2.0797495816E-04  -2.1822495983E-05   7.4697477941E-05   8.1095136992E-04
   40      2.7282522046E-03  -5.0519387342E-05   3.2081279928E-04   1.3164479005E-04  -1.9764055143E-03
   41      9.3909067456E-04   1.5610944728E-04   1.1090926706E-04  -1.4339813231E-04  -2.3905318016E-03
   42      1.0413126588E-03   2.0760070380E-04  -6.0728164141E-05   5.3195598909E-05  -1.3849737283E-03
   43      6.4123277072E-03   1.5360878952E-05   3.9771302311E-04   1.3858130035E-04  -2.1861181770E-03
   44     -1.4938408983E-03  -9.9432561647E-05   2.0121206010E-04  -1.3465260791E-04  -2.9441786927E-03
   45      6.2359121704E-05  -7.1499259976E-06   3.2859001663E-04  -1.6642148175E-04  -8.2472835200E-02
   46     -7.9611763875E-04   2.5022984928E-04   1.2695312258E-05   2.7278091128E-04  -5.2277060652E-02
   47      6.3898430719E-04  -3.9420021546E-04   7.4388156586E-04  -1.0569519138E-04  -3.3337131682E-02
                   25                 26                 27                 28                 29        
    0      7.7114768758E-04  -7.1654322529E-04  -1.6818079432E-03   1.7959757420E-03   1.2854848412E-03
    1     -3.9318828291E-03  -3.3730954209E-03  -3.7095990691E-04   2.3361873741E-03   9.7663882082E-04
    2     -3.5869681718E-03   9.1351442898E-03   1.5652086846E-03  -3.3193408280E-03  -4.0465253129E-03
    3      4.7666432939E-03  -6.8371736028E-03  -2.5450156745E-03   5.3093602632E-04   2.3360204181E-03
    4     -7.8148021042E-03   1.6117896258E-02   2.0322511777E-03  -1.8682693130E-03  -5.9001352283E-03
    5      3.3954015599E-03   7.0694162635E-04   2.6700896483E-04  -9.2278551970E-04  -9.9582489868E-04
    6      1.0377964486E-02  -1.5951101545E-02   1.6438338869E-03  -1.1141091105E-03   2.3279214435E-03
    7     -2.4272574088E-02   1.8054753950E-02  -1.3863603381E-03   1.7206683734E-03   3.5339490322E-03
    8      2.0355272787E-02  -4.2512514321E-02   1.0488092404E-03   6.0570877318E-04  -6.2117996572E-03
    9     -1.4525418528E-03   2.1846188343E-03   5.1996735826E-04   1.4340813585E-05  -5.2059954213E-04
   10      1.0678500563E-03  -3.0767703963E-03   1.6176948629E-04   2.3113911943E-04   1.0814410593E-03
   11     -1.1227935825E-04  -1.9510847918E-03  -7.9741655832E-04   7.8986684639E-04   1.7796123897E-04
   12      6.3376058200E-05  -8.1453977735E-04   4.6727034030E-04  -1.8962415894E-05   1.8411675313E-04
   13      1.4886010175E-03  -4.5402958301E-03  -4.7916992084E-04   5.0964430973E-04   1.4036654443E-03
   14      8.6260644173E-04  -5.0854624705E-03  -4.7359902451E-04   9.4088421785E-04   1.7996230595E-03
   15     -1.7462978885E-04   6.2014679950E-05   3.3784116292E-04  -2.7358605991E-04  -2.1564927389E-04
   16      4.0754100290E-04   2.6296828506E-04   2.0298118287E-04  -6.2747094004E-04  -1.9447151560E-04
   17      6.1290151814E-04  -1.9836647557E-03  -3.4369381685E-04   6.0177402371E-04   7.8690676468E-04
   18     -8.5347669580E-04   9.4449518016E-04   1.5664971374E-03  -8.5145669927E-04  -1.2558083498E-03
   19     -1.5564480085E-03   6.0501271820E-03   1.0964939588E-03  -6.6028124087E-03  -2.3919249325E-03
   20      1.2275799099E-03  -2.3153528297E-03  -9.6427331405E-04  -2.1209833262E-03   2.4180708133E-03
   21     -1.0349359237E-03   1.4612150688E-03   5.4272208578E-04  -1.5020967428E-04  -4.5438935521E-04
   22      1.7990601081E-03  -3.5906189894E-03  -3.6256927538E-04   2.4559798523E-04   1.4388467372E-03
   23     -1.0610763798E-03   6.3183214977E-04  -9.4055532099E-05   2.1041630520E-04  -1.1302541962E-04
   24      3.1179029118E-02   2.3188245718E-02  -4.8784386917E-02   4.2559488397E-03   2.5392773604E-02
   25      2.3774278607E-01   4.4920459478E-02   5.3188847412E-03  -1.2858352586E-02  -6.1031206077E-03
   26      4.4920459478E-02   1.3195370283E-01   2.6110893272E-02  -4.1165822676E-03  -2.7681307082E-02
   27      5.3188847412E-03   2.6110893272E-02   6.6153039044E-02  -1.4597134296E-02  -4.4101225739E-02
   28     -1.2858352586E-02  -4.1165822676E-03  -1.4597134296E-02   4.0573581763E-02   3.7173984894E-02
   29     -6.1031206077E-03  -2.7681307082E-02  -4.4101225739E-02   3.7173984894E-02   8.6794509071E-02
   30      8.8418941986E-04  -8.4791008198E-05  -6.2186799738E-04   5.3783278205E-03   3.9054535744E-03
   31     -1.3585832442E-01  -3.3327951833E-02   1.0011578557E-03  -4.8540887280E-04  -1.5867365060E-03
   32     -3.3018252068E-02  -2.3229896791E-02   2.1242962186E-03  -4.8308594599E-03  -1.7115840617E-03
   33      4.9345789607E-05   1.4967330463E-04   3.7839858180E-04  -4.2230171222E-04  -2.9058762764E-04
   34      7.0800311593E-04   7.4868195467E-04  -1.7671587413E-04  -5.2222140296E-04  -1.5261048724E-04
   35      7.0878818449E-04  -1.6454971485E-03  -2.7859704967E-04   5.1575855357E-04   7.9980140310E-04
   36      2.7100556278E-03   6.2249891983E-03  -1.3088143221E-02   6.2779577398E-03   8.0201224325E-03
   37      2.0082324143E-03  -1.2219164779E-02   3.7907482187E-03  -2.6574962825E-02  -2.1838419619E-02
   38     -2.9541268591E-03  -8.3336959857E-03   6.9784812819E-03  -2.4186077291E-02  -4.5787590480E-02
   39     -3.9915229592E-04  -1.6729049863E-03  -1.5613343883E-03   1.0383736875E-03   1.8498698223E-03
   40     -4.5157937026E-04   2.7061954726E-03   4.6602945460E-03   1.0129601987E-04  -3.0069407722E-03
   41      7.5734862887E-04   1.4424416215E-03   5.7873674504E-03  -1.9982672636E-03  -1.6269898976E-03
   42     -3.6828392071E-04  -9.4699319388E-04   2.2364676149E-03  -2.4707465505E-04   2.4392067671E-04
   43     -8.9921106419E-04   2.2222622900E-03  -4.9753051369E-04   1.6636624244E-03  -4.9397341985E-03
   44      6.9827913353E-04   2.0503742853E-03  -1.2083561563E-03  -3.3042968594E-04  -5.9814448094E-03
   45     -5.1837034290E-02  -3.3303760515E-02  -5.5634810720E-03  -1.6176753058E-03   1.2928483002E-03
   46     -5.7578899320E-02  -2.6839993385E-02  -3.9349178175E-04   2.1577209791E-03   5.0794835515E-04
   47     -2.6701686165E-02  -3.1181960629E-02   4.3788801009E-03   9.8455155192E-04   1.3792192680E-03
                   30                 31                 32                 33                 34        
    0     -9.4767122071E-04  -3.6010501857E-05   1.2344595922E-04  -1.3243782270E-01  -1.5029901935E-02
    1     -4.9911290178E-05   4.8771068619E-04   6.6940485871E-04  -1.5182482173E-02  -1.7523035874E-02
    2      1.6245137142E-04   6.4799662610E-04  -1.8684551751E-03  -3.5679683921E-02  -4.8508440589E-03
    3     -2.6754281108E-04  -1.5790456681E-03   1.5406823819E-03  -1.9558191260E-04   1.0448928649E-03
    4     -1.4799682070E-03   2.4329049362E-03  -3.2170094388E-03   7.2708430215E-04  -1.4332746596E-04
    5      2.9573673932E-04  -7.8901963179E-04  -5.5596309086E-05   7.0239155882E-04   1.1325342544E-03
    6      9.5361741511E-04   1.8725845390E-03  -2.0045173062E-03   3.1485417955E-04  -3.3039985788E-04
    7      3.0860364950E-03  -4.4961455317E-03   6.3882851413E-03  -1.9829161833E-04   5.3847457551E-05
    8     -4.1891602494E-04   1.0984566268E-03   4.7029913092E-04   3.7776410202E-05  -3.6213376353E-04
    9     -2.7890241469E-05   3.5062107050E-04  -3.5792464175E-04   1.0546217018E-04  -4.5877462461E-04
   10      4.1461524522E-04  -4.0518322163E-04   5.2530092159E-04  -2.0590375829E-04   9.8416995515E-05
   11     -1.2203277691E-04   5.6962683815E-05   3.3338249742E-04  -3.0039205997E-04  -3.7021619321E-04
   12      3.7928437801E-04   1.1717231260E-04   1.4471339760E-04   5.5510110758E-04  -2.6235629622E-03
   13      2.7116826487E-04  -6.7790645932E-04   1.0211261043E-03  -6.2007475046E-04   3.6797329220E-04
   14      2.8524698936E-04  -2.6054261768E-04   9.7281647318E-04  -9.5986246950E-04  -2.3744337061E-03
   15      1.8961414622E-04   2.4610021039E-06  -8.4807801838E-06  -3.1782057633E-03   5.0365723461E-03
   16      1.5643041518E-04  -1.4646512299E-04  -6.7523656342E-05  -4.6233407458E-04   3.4057937708E-03
   17      6.0858474950E-06  -1.6287053528E-04   4.2711601858E-04  -1.9637947282E-03   1.4164879364E-03
   18      5.7447151909E-04   1.7024038360E-04  -9.4426801327E-05  -2.2351182099E-03  -5.4948729538E-03
   19      8.8856939088E-04   1.5392717723E-05  -1.4347646001E-03  -3.1941238143E-03  -2.4282299447E-03
   20     -5.2009776254E-05  -2.8279084324E-04   2.8578659173E-04   4.7006371212E-04   6.2399519575E-04
   21      1.0375783176E-04   2.2049083779E-04  -2.3662722465E-04   1.1046012279E-04  -1.9148294357E-04
   22      2.5077920683E-04  -3.9507315944E-04   6.2251008944E-04  -7.5104482742E-05   5.8913881292E-05
   23     -8.5608766019E-05   2.0747542103E-04  -3.1204541410E-05  -1.0036333766E-04  -2.4479001234E-04
   24     -1.5271495283E-02   9.0646283494E-04  -2.4381302985E-04  -1.0552622454E-03   2.2165322460E-04
   25      8.8418941986E-04  -1.3585832442E-01  -3.3018252068E-02   4.9345789607E-05   7.0800311593E-04
   26     -8.4791008198E-05  -3.3327951833E-02  -2.3229896791E-02   1.4967330463E-04   7.4868195467E-04
   27     -6.2186799738E-04   1.0011578557E-03   2.1242962186E-03   3.7839858180E-04  -1.7671587413E-04
   28      5.3783278205E-03  -4.8540887280E-04  -4.8308594599E-03  -4.2230171222E-04  -5.2222140296E-04
   29      3.9054535744E-03  -1.5867365060E-03  -1.7115840617E-03  -2.9058762764E-04  -1.5261048724E-04
   30      1.2033319666E-02  -2.4934050545E-03  -2.8511299328E-04   2.3833326348E-04  -8.2177242030E-05
   31     -2.4934050545E-03   1.4127793193E-01   3.5153196844E-02  -3.3553164218E-06  -1.6162420513E-04
   32     -2.8511299328E-04   3.5153196844E-02   2.0389926587E-02  -1.5509475870E-05  -1.6354579453E-04
   33      2.3833326348E-04  -3.3553164218E-06  -1.5509475870E-05   1.3682667791E-01   1.7766436322E-02
   34     -8.2177242030E-05  -1.6162420513E-04  -1.6354579453E-04   1.7766436322E-02   1.5061739192E-02
   35     -3.2175959470E-05  -1.2732313596E-04   3.0853991287E-04   3.8471637989E-02   5.7560054973E-03
   36     -3.7774406201E-04  -5.9390515258E-04  -8.5251159728E-04   2.0137331815E-04   8.5658246997E-04
   37     -2.1307108587E-03   1.5197031339E-04   2.2237729352E-03   2.5343857082E-03   2.2656311223E-03
   38     -2.6611088481E-03   1.3253570790E-03   1.9971874870E-03  -8.3207529658E-04  -1.4711380012E-03
   39     -7.7731226529E-05   1.1042771517E-04   2.4841376899E-04  -1.0404894475E-04  -3.8945096565E-04
   40      4.2031463798E-04   2.6730161028E-05  -4.6444662951E-04  -4.8763268052E-04  -4.4234286179E-04
   41      4.8422152643E-04  -2.1952327998E-04  -2.4191207734E-04   1.5363656544E-04   2.5470503926E-04
   42      2.9799624700E-04   1.1636555852E-04   7.3817551791E-05   1.1104950836E-04  -1.2277605881E-04
   43      3.3426122670E-04   6.0377199455E-05  -3.9560278467E-04  -3.6342506597E-04  -2.8954379117E-04
   44      4.4141080489E-04  -2.9508087941E-04  -3.8285630977E-04   1.6173989655E-04   3.2224793771E-04
   45      2.8215483756E-03  -1.6245647255E-04  -1.5643863361E-04   3.6432961670E-04  -2.6110486554E-05
   46     -5.8483254145E-03  -1.8268869541E-03  -3.0116108070E-03   1.3786600129E-04  -5.0999328176E-04
   47     -1.8388574942E-03  -1.4375876744E-03   2.3364505667E-03  -4.8090565499E-06  -2.6499699024E-04
                   35                 36                 37                 38                 39        
    0     -3.6111796738E-02  -1.4579155664E-03  -6.2796981210E-03   8.8674230410E-04   2.6103376377E-04
    1     -5.1689483284E-03  -3.6298708726E-03  -9.4802534268E-03   3.5601947303E-03   2.0104785398E-03
    2     -2.5000440726E-02   3.2652769509E-03   1.2157629895E-02   3.9443866560E-04  -1.4439634344E-03
    3      2.1725097859E-03   4.0348716009E-03  -3.0986576844E-05   8.0552951747E-04  -9.0985814261E-04
    4      3.2658940996E-03  -4.0227022252E-04   9.2522240967E-03   3.6876417123E-03   1.0588407581E-04
    5      2.1413999167E-03   9.0981214209E-04   3.5596092089E-03  -3.8263129373E-03  -3.9593470860E-04
    6      8.9010985261E-05  -1.4317296585E-03   4.4265321295E-04  -5.4008847971E-04   2.3964307292E-04
    7     -1.0578772455E-03   9.7585028609E-04  -4.6184028244E-03  -1.2045989243E-03  -2.2285605695E-04
    8      3.9610961142E-04  -1.7937173926E-03   3.9743257012E-03   1.9598969018E-03   3.7730523147E-04
    9     -7.6519877809E-04  -1.4538940820E-03  -2.1277616690E-04   4.7824076806E-04   3.4702471950E-04
   10     -8.0193873600E-04  -1.7735172552E-04  -2.1779769589E-03  -1.2616289784E-03   7.3830289872E-06
   11     -1.9339766716E-04   4.2046918549E-04  -1.3229892769E-03   1.6752961523E-03   2.1967345543E-05
   12     -5.8683054401E-03  -1.0371418778E-03  -3.1210430242E-04  -4.7300216964E-04   2.0540340681E-04
   13     -3.6172292217E-03   1.4098404722E-05  -1.7951433123E-03  -1.2456324250E-03  -2.2713585829E-05
   14     -4.0100646673E-03  -1.6888914114E-03  -5.8969672155E-03  -5.6180285484E-04   4.4011839508E-04
   15     -4.8087611064E-04  -2.7939228542E-04   5.9117983678E-04  -1.5301582993E-04   1.1381372715E-04
   16     -1.1604048857E-04   1.5810503328E-03   2.8361225699E-03  -1.5352071817E-03  -3.1969208096E-04
   17      3.3173194808E-03  -1.0408637358E-03  -2.6496588669E-03  -1.4715025372E-04   1.8922460186E-04
   18      3.2044274026E-03  -1.6670639655E-02  -1.5853028008E-02   8.9196380640E-03  -2.2993044519E-03
   19      2.8306556665E-03  -1.7031584896E-02  -4.8104983612E-02   2.1165370285E-02  -2.3486184318E-03
   20      1.4744073506E-03   8.1278410067E-03   1.8607597142E-02  -2.0583663631E-02   1.6160081952E-03
   21     -4.5210865407E-04  -8.8472270616E-04   9.0525714706E-05  -2.5149909085E-04   2.0797495816E-04
   22     -5.1811602468E-04   1.2509045446E-04  -1.8986550517E-03  -6.2001706863E-04  -2.1822495983E-05
   23     -4.6271494201E-04  -2.4094671676E-04  -6.4802298919E-04   4.5403790358E-04   7.4697477941E-05
   24      2.2209390449E-04   8.3353384088E-05   1.0274880915E-02   1.0153450187E-02   8.1095136992E-04
   25      7.0878818449E-04   2.7100556278E-03   2.0082324143E-03  -2.9541268591E-03  -3.9915229592E-04
   26     -1.6454971485E-03   6.2249891983E-03  -1.2219164779E-02  -8.3336959857E-03  -1.6729049863E-03
   27     -2.7859704967E-04  -1.3088143221E-02   3.7907482187E-03   6.9784812819E-03  -1.5613343883E-03
   28      5.1575855357E-04   6.2779577398E-03  -2.6574962825E-02  -2.4186077291E-02   1.0383736875E-03
   29      7.9980140310E-04   8.0201224325E-03  -2.1838419619E-02  -4.5787590480E-02   1.8498698223E-03
   30     -3.2175959470E-05  -3.7774406201E-04  -2.1307108587E-03  -2.6611088481E-03  -7.7731226529E-05
   31     -1.2732313596E-04  -5.9390515258E-04   1.5197031339E-04   1.3253570790E-03   1.1042771517E-04
   32      3.0853991287E-04  -8.5251159728E-04   2.2237729352E-03   1.9971874870E-03   2.4841376899E-04
   33      3.8471637989E-02   2.0137331815E-04   2.5343857082E-03  -8.3207529658E-04  -1.0404894475E-04
   34      5.7560054973E-03   8.5658246997E-04   2.2656311223E-03  -1.4711380012E-03  -3.8945096565E-04
   35      2.2500004780E-02  -4.6878716418E-04  -2.3681439578E-03  -2.5978997968E-04   2.5958540023E-04
   36     -4.6878716418E-04   2.4809231348E-01  -2.2138013999E-02   3.3872192602E-02  -1.4438108315E-01
   37     -2.3681439578E-03  -2.2138013999E-02   1.1880874940E-01  -1.9240559278E-02   9.4004330694E-03
   38     -2.5978997968E-04   3.3872192602E-02  -1.9240559278E-02   1.6776237620E-01   5.2234572744E-03
