
$orca_hessian_file

$act_atom
  0

$act_coord
  0

$act_energy
        0.000000

$multiplicity
  1

$hessian
48
                    0                  1                  2                  3                  4        
    0      2.2891772541E-01  -1.2154637664E-02   3.5768518199E-02  -4.1168793412E-04   3.6442655191E-03
    1     -1.2154637664E-02   1.4033071652E-01   7.2018903232E-03   5.4576957720E-04   1.8678581129E-04
    2      3.5768518199E-02   7.2018903232E-03   1.1784131575E-01  -1.1441546575E-03  -1.1827390059E-02
    3     -4.1168793412E-04   5.4576957720E-04  -1.1441546575E-03   2.3589107900E-01  -2.6299174360E-02
    4      3.6442655191E-03   1.8678581129E-04  -1.1827390059E-02  -2.6299174360E-02   1.1010838584E-01
    5      2.6848328500E-03  -3.1409013081E-03  -1.0209308494E-02   9.0148796045E-03  -8.4517766123E-03
    6     -3.5706522837E-04  -2.6783069857E-04  -8.9189225968E-05  -1.5333074028E-02  -1.4495991762E-02
    7     -1.4259005137E-03  -6.0566085549E-04   5.6090409323E-03  -1.1852915846E-02  -4.1157305534E-02
    8      3.3009746637E-04   1.0250599173E-03  -1.6685852728E-03   7.7457554832E-03   1.7075912438E-02
    9     -6.5916015660E-04   2.6109993219E-04   8.3879302391E-04  -8.8408610972E-02   2.5867661786E-02
   10     -1.0632665998E-03  -1.9715048285E-04   2.1686664836E-03   2.6204781664E-02  -2.1508305748E-02
   11     -1.3004887128E-03   1.2061117516E-03   2.5519151390E-03  -4.9814934024E-02   1.7511546128E-02
   12     -1.1188396872E-02   4.9025369477E-03   1.1023932710E-02  -8.5868336108E-03  -1.2280827450E-06
   13      4.1173730657E-03  -1.6192573417E-02  -1.5853123289E-02   8.9553172437E-04  -2.5121908519E-02
   14      1.0322399288E-02  -1.8135908638E-02  -4.8862270897E-02   1.3487184772E-03  -2.3887798214E-02
   15     -1.0206327148E-01   4.9124321351E-02  -1.0881277912E-02  -5.8131317707E-04  -1.1182034161E-03
   16      4.8816519625E-02  -4.1097422202E-02   5.2216100608E-03   4.8797401697E-05   1.9222558330E-05
   17     -1.1367821317E-02   5.5536786751E-03  -1.4196790212E-02   6.8843624820E-04   2.3063917953E-03
   18     -1.3647623790E-02  -1.4721916313E-02   5.6558572553E-03  -3.5621375959E-04  -1.3503755951E-04
   19     -1.2030152384E-02  -5.2058761197E-02   1.6570111626E-02  -3.0297554707E-04  -4.5655691962E-03
   20      3.6496865271E-03   1.7862389862E-02  -1.6019133531E-02   1.9630090816E-05   3.2203374263E-03
   21     -9.4565264526E-05  -3.5868145792E-04  -7.3036147011E-04  -1.2282297723E-01   1.1618464935E-02
   22     -3.3318698608E-04  -1.4548268698E-04   2.7572359035E-03   1.2081152895E-02  -1.3932500311E-02
   23     -3.0266463939E-04   1.0010431001E-03   2.6098688134E-03   3.1919149607E-02  -3.1810453155E-03
   24      7.0148111998E-04   1.1954420644E-03  -4.0499253147E-06   4.4740950287E-03   3.6622283969E-03
   25      5.5514858806E-04  -2.0367520469E-03  -3.7622529104E-03  -2.4105896469E-03  -1.1875797436E-02
   26     -2.0517306996E-03  -3.5003902263E-03   7.8288314458E-03   1.1364034609E-03   1.2982180705E-02
   27     -8.3747797088E-04  -9.7182874607E-04   9.2376909929E-04  -7.6572614869E-04  -1.1646197576E-05
   28      8.2564543859E-04   2.5030720333E-03  -3.1949676164E-03   1.3000194579E-04  -1.3901752356E-03
   29      6.2884543623E-04   1.6187034504E-03  -3.9772777834E-03  -5.0239951254E-04  -5.7704772000E-03
   30     -1.9064284343E-04  -8.7072385079E-05   2.8562871315E-05  -1.0334960751E-03  -5.3952997771E-04
   31     -1.7526235356E-04   4.0143436849E-04   5.7213784989E-04   8.0190836342E-04   2.6301867686E-03
   32      4.0556641276E-04   7.2648993899E-04  -1.7109102087E-03  -5.1254485422E-04  -2.2550313024E-03
   33     -1.0078526206E-01  -2.9677869115E-02  -4.0300853629E-02  -1.9260468359E-04  -1.5196031975E-04
   34     -2.8728619363E-02  -2.3890265285E-02  -1.3541704994E-02  -2.3187203632E-04   2.9637071353E-05
   35     -4.0347948858E-02  -1.4022680866E-02  -3.1721311414E-02  -4.8420819828E-04   2.8585663268E-03
   36      3.3992461622E-03   5.0591833096E-03  -1.8478435810E-03   5.6203484084E-04  -8.0744861109E-04
   37     -2.8571743445E-03  -1.1756252048E-02   1.1370539680E-02   4.6393502317E-04   8.0767191700E-03
   38      1.9138732590E-03   5.1691954860E-03  -9.2947524008E-04   1.0057701985E-03   2.8958747329E-03
   39     -7.9178718986E-04  -6.9545978139E-04   2.8941086860E-06  -1.7406353619E-04   1.6339152287E-04
   40      6.7614519461E-04   2.7766065892E-03  -1.8742474741E-03  -1.0830672823E-04  -1.6710203691E-03
   41     -3.6398171885E-04  -2.0021908935E-03   1.7762394899E-04  -9.3227756663E-05  -5.9626039768E-04
   42     -1.7223995910E-03  -1.6644551042E-03   7.9744371307E-04  -2.7926261487E-04   1.1787113047E-04
   43      5.2956719757E-04   1.1852952419E-03  -2.1759367098E-03  -2.3748994742E-04  -1.5642381550E-03
   44     -3.3632636684E-04  -1.3120135544E-03  -2.0684450110E-04  -5.6046796075E-05  -6.4526391774E-04
   45     -2.6911230161E-04  -4.9621439096E-04  -3.9761694285E-05  -1.9813450967E-03  -1.5320745489E-03
   46     -3.8885194538E-04   5.9640966105E-04   7.7934734797E-04   2.8985706235E-04   1.7358832864E-03
   47      3.6486398780E-04   7.2856582587E-04  -1.5076475419E-03  -2.6198197184E-04  -2.2411021751E-03
                    5                  6                  7                  8                  9        
    0      2.6848328500E-03  -3.5706522837E-04  -1.4259005137E-03   3.3009746637E-04  -6.5916015660E-04
    1     -3.1409013081E-03  -2.6783069857E-04  -6.0566085549E-04   1.0250599173E-03   2.6109993219E-04
    2     -1.0209308494E-02  -8.9189225968E-05   5.6090409323E-03  -1.6685852728E-03   8.3879302391E-04
    3      9.0148796045E-03  -1.5333074028E-02  -1.1852915846E-02   7.7457554832E-03  -8.8408610972E-02
    4     -8.4517766123E-03  -1.4495991762E-02  -4.1157305534E-02   1.7075912438E-02   2.5867661786E-02
    5      1.4433882015E-01   8.7295492150E-03   1.9178239655E-02  -1.9435407550E-02  -5.0193227175E-02
    6      8.7295492150E-03   3.3966744984E-02  -5.2882088652E-03   5.9143812734E-03   1.7134287816E-03
    7      1.9178239655E-02  -5.2882088652E-03   9.6098946999E-02  -4.8935840578E-02  -5.9233073736E-04
    8     -1.9435407550E-02   5.9143812734E-03  -4.8935840578E-02   4.3183966649E-02   2.6625608127E-04
    9     -5.0193227175E-02   1.7134287816E-03  -5.9233073736E-04   2.6625608127E-04   8.8983994472E-02
   10      1.7883293925E-02   3.2800302865E-03  -3.7318134316E-03   4.9448262971E-03  -2.7530940859E-02
   11     -4.7863263533E-02  -2.1441046746E-03   2.9775659313E-03  -1.1683663978E-03   5.4239359887E-02
   12      1.9359333254E-04   7.9079403633E-04  -8.9336513486E-04  -6.3027001799E-04   1.0259059827E-03
   13     -2.6099013031E-02   7.5126635802E-05  -5.9580366566E-03  -2.0464428964E-03  -7.3477486327E-05
   14     -4.7722462857E-02  -1.6516362576E-04  -2.5011434735E-03   1.9115423892E-03  -1.3894809275E-03
   15     -1.4244997615E-03   7.2902350220E-05   3.1701929664E-04  -1.4030407905E-05   2.3728391389E-04
   16      1.3046693835E-03   4.6946424953E-05   1.3594601703E-05  -2.5164507801E-04  -1.6656446078E-05
   17      2.1654003653E-03   2.7592357738E-05  -1.0714488197E-03   3.6527522208E-04  -6.2704241131E-05
   18     -7.8094514773E-05   2.3325632866E-04  -1.8134057285E-04   4.1579243448E-05   9.3262527626E-05
   19     -1.6678041325E-03  -2.2755262573E-05   2.0966952991E-03  -1.2780037800E-03   2.6593954743E-05
   20      2.3269602072E-03   2.1550435582E-04  -1.2504659024E-03   4.3654834161E-04  -6.8678350267E-05
   21      3.2516871558E-02  -5.7625217223E-04  -1.3464985719E-03   1.5955898613E-03  -3.0284109439E-03
   22     -3.4352028524E-03  -4.1633445522E-03  -9.4470075662E-04   3.5643151758E-03   1.9952130402E-03
   23     -2.2852386517E-02   2.1688037723E-03   1.1624657915E-03  -9.8236059125E-05  -3.6210422581E-03
   24     -2.6320263771E-03  -2.1864377404E-02   1.6827748950E-02  -1.1935423747E-02  -7.1885887911E-04
   25      4.4196273494E-03   1.8803011814E-02  -3.8563686588E-02   1.9571966343E-02   1.4183278744E-04
   26     -1.2346003969E-03  -1.3246170107E-02   1.7881992131E-02  -2.0766782791E-02   2.0506287184E-04
   27      2.9308153710E-04   1.2033875412E-03   9.3128661767E-05  -1.3842687312E-03   1.3860587555E-04
   28     -7.8324286918E-04  -7.3728927501E-04   1.0690577990E-03   1.9292549832E-03  -3.1994117812E-05
   29     -2.4233832712E-04   1.1644788419E-03   3.0733075208E-03  -5.2440089359E-03   6.2069893503E-05
   30      5.2341633619E-04   1.9797909274E-03   2.3360813302E-03  -3.2062348877E-04   1.8168255801E-04
   31     -1.6628918051E-03  -1.5600748611E-03  -5.5139733043E-03   7.3630520294E-04  -5.9805853752E-05
   32      3.5046315095E-04   8.1689156076E-04   4.1333322084E-03   9.8633633186E-04   2.9225555233E-05
   33      9.1396531767E-05   1.0318991056E-04   1.2956546048E-04  -1.1083714664E-04   1.5908653685E-04
   34      1.1801648399E-03   1.6392989504E-06   4.2665532017E-05  -2.9966185691E-04  -4.1496237686E-05
   35      2.5297405157E-03   1.1666864469E-05  -1.1392218827E-03   2.8156898615E-04  -8.1725092757E-05
   36     -8.6469082146E-04  -7.2969231171E-04   6.0318329022E-04   1.5653207669E-04  -1.8408825066E-04
   37      3.3512567596E-03  -2.7309666213E-05  -4.5082146808E-03   3.3392048806E-03  -9.8712790174E-05
   38     -2.4174167841E-03  -2.7097267799E-04  -1.5242322313E-03   1.9622909466E-03  -5.2148727911E-05
   39      1.3743600930E-05   1.4999951265E-04  -8.4593863064E-05  -4.6578469339E-05   5.1526545372E-05
   40     -6.7671189139E-04   2.5044107564E-05   8.3862657022E-04  -5.9571517770E-04   1.6747114024E-05
   41      4.2831908730E-04   1.2592376109E-04   2.8565495061E-04  -5.7516552455E-04   8.2231254696E-06
   42      2.9567646251E-04   2.3590967248E-04  -8.2520384214E-05  -1.5550302517E-04   5.6790129103E-05
   43     -6.7725265150E-04  -7.2175357755E-05   9.4851023823E-04  -6.6642815868E-04   2.9998965750E-05
   44      6.2225361018E-04  -4.7844481015E-05   4.3401810179E-04  -4.2752034839E-04  -4.2417319196E-05
   45      8.2625222326E-04  -1.5889429007E-03   1.4468567190E-03  -1.4507031382E-03   3.5756187922E-04
   46     -7.1711911757E-04   4.3972725136E-03  -1.2470523149E-04   1.8996955271E-03   9.9873054375E-05
   47     -7.8477262591E-04  -3.2133005226E-03   1.6739324252E-03   2.5654401355E-04  -1.4779086273E-04
                   10                 11                 12                 13                 14        
    0     -1.0632665998E-03  -1.3004887128E-03  -1.1188396872E-02   4.1173730657E-03   1.0322399288E-02
    1     -1.9715048285E-04   1.2061117516E-03   4.9025369477E-03  -1.6192573417E-02  -1.8135908638E-02
    2      2.1686664836E-03   2.5519151390E-03   1.1023932710E-02  -1.5853123289E-02  -4.8862270897E-02
    3      2.6204781664E-02  -4.9814934024E-02  -8.5868336108E-03   8.9553172437E-04   1.3487184772E-03
    4     -2.1508305748E-02   1.7511546128E-02  -1.2280827450E-06  -2.5121908519E-02  -2.3887798214E-02
    5      1.7883293925E-02  -4.7863263533E-02   1.9359333254E-04  -2.6099013031E-02  -4.7722462857E-02
    6      3.2800302865E-03  -2.1441046746E-03   7.9079403633E-04   7.5126635802E-05  -1.6516362576E-04
    7     -3.7318134316E-03   2.9775659313E-03  -8.9336513486E-04  -5.9580366566E-03  -2.5011434735E-03
    8      4.9448262971E-03  -1.1683663978E-03  -6.3027001799E-04  -2.0464428964E-03   1.9115423892E-03
    9     -2.7530940859E-02   5.4239359887E-02   1.0259059827E-03  -7.3477486327E-05  -1.3894809275E-03
   10      1.9543706060E-02  -1.9158955665E-02  -1.6309011219E-03   1.1033007512E-03  -4.1908325688E-03
   11     -1.9158955665E-02   4.8973315409E-02  -3.3208790372E-03  -7.6940013618E-04  -4.9574744677E-03
   12     -1.6309011219E-03  -3.3208790372E-03   1.7225381626E-02  -6.0188992619E-03  -1.4511586008E-02
   13      1.1033007512E-03  -7.6940013618E-04  -6.0188992619E-03   4.3624146072E-02   5.4305261238E-02
   14     -4.1908325688E-03  -4.9574744677E-03  -1.4511586008E-02   5.4305261238E-02   1.1573446449E-01
   15      1.3386995416E-04   1.8622561374E-04  -5.9045437846E-04   2.1326638286E-03   1.5771157775E-03
   16      1.2710470463E-04  -2.1160335431E-04   2.2306234076E-03  -2.6560060705E-04  -1.3415114838E-03
   17     -3.3178919583E-04  -2.5407019379E-04   4.3715273816E-03  -4.3705890166E-03  -1.9619298493E-03
   18     -6.9382128640E-07   3.2525389384E-05   4.6543970576E-04  -5.5202687016E-04   8.5695974870E-04
   19      9.0348900544E-04   3.6018224219E-04  -8.0069439100E-04   1.5914509591E-03   3.0181010119E-03
   20     -5.5334031725E-04  -5.8388633073E-04   2.0642323210E-03   2.6708345962E-03  -5.3898284313E-03
   21      6.0166814604E-04   1.5823129119E-03   3.0984712139E-04   4.7419110412E-04   9.7058696891E-04
   22      2.8263198831E-03  -4.1385933886E-04   3.1224266635E-03  -1.9455331588E-05  -3.6884732543E-03
   23      4.5995307533E-04   3.4689781386E-03   4.4149636529E-03  -2.2442725306E-03  -3.1793588032E-03
   24     -7.2412059532E-04   7.8496372971E-04  -8.4759807752E-04  -1.2318564665E-03   2.9736326048E-05
   25      2.6456392072E-03  -1.6955727293E-03  -5.9434117072E-05   2.2856490647E-03   1.9068143772E-03
   26     -2.3877516611E-03   3.3938755965E-04   4.5679577117E-04  -3.8149947119E-03  -4.6006420329E-03
   27      2.6662145631E-05  -1.1205121629E-04   2.3219509432E-04  -8.2985196219E-05  -3.3003464967E-04
   28      2.7393853777E-04   2.3623263842E-04  -1.9959175597E-04   6.0181094067E-04   1.2037495348E-03
   29      1.0442101948E-03  -5.5626459475E-05  -3.0618082727E-04   1.2393823670E-03   2.1912853188E-03
   30      1.2464317444E-04  -1.1877630007E-04   1.6153858255E-04   2.2626313756E-04   5.0786687445E-05
   31     -4.1683948346E-04   3.0082646578E-04  -5.6663232590E-05  -6.4590965444E-04  -2.4433149954E-04
   32      4.1411040050E-04   7.8057378600E-06  -8.7287334871E-05   7.9821239962E-04   8.8696915844E-04
   33      5.4931464935E-05   1.0551650702E-04   1.4173914504E-03   1.6337739359E-04   2.3640696640E-04
   34     -1.0606167595E-08  -2.6572816152E-04  -1.4317770480E-03   2.4271274052E-04  -2.3240867632E-03
   35     -5.8844724937E-04  -6.7221298155E-04  -3.4170614897E-03  -4.1007010040E-03  -4.8573710472E-03
   36      1.8545956271E-04   2.4173793178E-04  -9.9810491981E-04  -4.5755789709E-04   1.6472396454E-03
   37     -1.6066078392E-03  -6.6319507821E-04   1.1421763802E-03  -1.6352628103E-03  -6.1473166714E-03
   38     -5.8280334717E-04   4.6439742308E-04  -1.9384434748E-04  -7.7927152125E-04  -2.7722824034E-04
   39     -2.6693477487E-05  -3.7313426402E-05   1.9198260943E-04   5.0003126647E-05  -2.8184308853E-04
   40      3.2311079565E-04   1.3982676727E-04  -2.6226508727E-04   1.7628985214E-04   1.3128060035E-03
   41      1.1749408927E-04  -1.2271412536E-04   9.7495237459E-05   3.0092068992E-04  -8.6474162924E-05
   42     -2.9641463417E-05  -8.6104947590E-05   2.1742889789E-04   1.3385636137E-05  -3.9600060925E-04
   43      3.3150435180E-04   1.3024809954E-04  -1.3654594258E-04   5.5556587379E-04   1.0815511966E-03
   44      1.3888590477E-04  -1.2766952336E-04  -9.7488825739E-06   2.1980052559E-04   9.5577357088E-05
   45      4.0060543338E-04  -2.2776511404E-04   1.7348275241E-04   2.6981584294E-04   3.6895885672E-05
   46     -6.1738570511E-04   3.0536134610E-04   9.2673459582E-05  -3.4217925884E-04  -3.7442093423E-04
   47      6.3289272731E-04  -5.1539457618E-07  -1.4841932540E-04   5.5093645767E-04   1.0752020791E-03
                   15                 16                 17                 18                 19        
    0     -1.0206327148E-01   4.8816519625E-02  -1.1367821317E-02  -1.3647623790E-02  -1.2030152384E-02
    1      4.9124321351E-02  -4.1097422202E-02   5.5536786751E-03  -1.4721916313E-02  -5.2058761197E-02
    2     -1.0881277912E-02   5.2216100608E-03  -1.4196790212E-02   5.6558572553E-03   1.6570111626E-02
    3     -5.8131317707E-04   4.8797401697E-05   6.8843624820E-04  -3.5621375959E-04  -3.0297554707E-04
    4     -1.1182034161E-03   1.9222558330E-05   2.3063917953E-03  -1.3503755951E-04  -4.5655691962E-03
    5     -1.4244997615E-03   1.3046693835E-03   2.1654003653E-03  -7.8094514773E-05  -1.6678041325E-03
    6      7.2902350220E-05   4.6946424953E-05   2.7592357738E-05   2.3325632866E-04  -2.2755262573E-05
    7      3.1701929664E-04   1.3594601703E-05  -1.0714488197E-03  -1.8134057285E-04   2.0966952991E-03
    8     -1.4030407905E-05  -2.5164507801E-04   3.6527522208E-04   4.1579243448E-05  -1.2780037800E-03
    9      2.3728391389E-04  -1.6656446078E-05  -6.2704241131E-05   9.3262527626E-05   2.6593954743E-05
   10      1.3386995416E-04   1.2710470463E-04  -3.3178919583E-04  -6.9382128640E-07   9.0348900544E-04
   11      1.8622561374E-04  -2.1160335431E-04  -2.5407019379E-04   3.2525389384E-05   3.6018224219E-04
   12     -5.9045437846E-04   2.2306234076E-03   4.3715273816E-03   4.6543970576E-04  -8.0069439100E-04
   13      2.1326638286E-03  -2.6560060705E-04  -4.3705890166E-03  -5.5202687016E-04   1.5914509591E-03
   14      1.5771157775E-03  -1.3415114838E-03  -1.9619298493E-03   8.5695974870E-04   3.0181010119E-03
   15      1.0399361373E-01  -5.3326913436E-02   1.0769706004E-02   1.5303272684E-03  -2.9772462115E-04
   16     -5.3326913436E-02   4.1388020673E-02  -5.7045526732E-03   4.3441887631E-03  -5.1100085288E-03
   17      1.0769706004E-02  -5.7045526732E-03   1.1412846716E-02  -1.8960505082E-03   3.3654026544E-03
   18      1.5303272684E-03   4.3441887631E-03  -1.8960505082E-03   3.0285522942E-02  -4.5359180487E-03
   19     -2.9772462115E-04  -5.1100085288E-03   3.3654026544E-03  -4.5359180487E-03   1.0645738981E-01
   20      2.6241555140E-04   2.6222766857E-03   4.8936466883E-04   5.5391533980E-03  -4.6387890058E-02
   21      1.1608178289E-04   2.3145431769E-05   1.0427976350E-04   6.3943323237E-05   3.5204962105E-05
   22      1.8917117521E-04  -3.8303491285E-05  -5.9978141518E-04  -1.9459309838E-06   8.9668796455E-04
   23      2.5446513096E-04  -2.6628133083E-04  -5.4039224138E-04   8.0080093038E-05   2.7168610459E-04
   24     -1.5814332651E-04  -3.1992618195E-04  -6.0773395093E-05  -4.4514750005E-04  -1.1204167036E-03
   25     -2.0144086280E-04   3.4026238782E-04   6.8438360396E-04   7.9126015715E-05  -1.1445774284E-03
   26      3.0683055873E-04   7.0596004146E-04  -1.5584103851E-03  -3.7731893155E-04   6.1314394332E-03
   27      1.2617680436E-04   2.5238674292E-04  -1.5479964523E-04   9.5131776411E-04   2.5176100278E-03
   28     -8.1809751523E-05  -5.8918883747E-04   4.9961162207E-04  -2.0379702498E-04  -6.4784022938E-03
   29     -9.3510623900E-05  -2.6960139346E-04   7.4364840412E-04   1.6947468890E-04  -2.3022745992E-03
   30      4.5029402811E-05   5.9255702640E-05   1.5604677044E-05   1.0810768013E-04   2.4584701021E-04
   31      4.7894727905E-05  -1.0684208538E-04  -1.2409830000E-04  -2.1596718086E-05  -9.6457400650E-05
   32     -6.3189689167E-05  -1.5754191380E-04   3.2164529602E-04   6.1410841468E-05  -1.3556743397E-03
   33     -2.7115024892E-03  -1.7779602105E-03  -2.4878641837E-03  -1.2565287445E-04  -2.3353667615E-03
   34      2.9708250241E-03   3.4839976757E-03   1.1596586948E-03  -4.0733604531E-03  -3.4925389312E-03
   35     -7.2044228149E-04  -3.7630464810E-04   2.5636986443E-03   1.5447322602E-03   2.3798003546E-03
   36     -4.9294387799E-04  -1.0551665933E-03   2.6428886705E-04  -1.9688152229E-02   1.5290148945E-02
   37     -8.4023766047E-05   2.8468949267E-03  -2.1709198172E-03   1.7473830998E-02  -3.5490364728E-02
   38     -1.5878837946E-04  -1.8853515208E-03   1.6905122130E-04  -1.0448066893E-02   1.7915414050E-02
   39      1.5613863029E-04   1.3476337297E-04  -2.4446738902E-05   1.9950830000E-03   1.3005579194E-03
   40     -4.1382752224E-05  -4.1111151830E-04   3.6117726379E-04  -2.0447404035E-03  -3.0156766553E-03
   41      1.1542373894E-05   3.5842918506E-04   1.3048660918E-05   1.4039047632E-03   2.9441800325E-03
   42      2.8395437978E-04   4.0923020223E-04  -2.0184346242E-04  -1.6065655509E-03   1.6198998740E-03
   43      1.5058183509E-04  -5.2074521910E-04   5.7982732647E-04   4.5830753336E-03  -7.2105934028E-04
   44      1.7868635511E-05   3.9174969454E-04  -5.2303087584E-05  -2.7239218943E-03   1.2218852678E-03
   45      3.6120470038E-05   1.1884253455E-04   2.1969457390E-05   1.4309516345E-04   4.0953585998E-04
   46      9.7074672182E-05  -7.9875038439E-05  -1.3720461868E-04  -7.2422287768E-06   2.2770266202E-04
   47     -3.7531855531E-05  -1.4004943411E-04   3.1991677012E-04   1.5124327696E-04  -1.1972124800E-03
                   20                 21                 22                 23                 24        
    0      3.6496865271E-03  -9.4565264526E-05  -3.3318698608E-04  -3.0266463939E-04   7.0148111998E-04
    1      1.7862389862E-02  -3.5868145792E-04  -1.4548268698E-04   1.0010431001E-03   1.1954420644E-03
    2     -1.6019133531E-02  -7.3036147011E-04   2.7572359035E-03   2.6098688134E-03  -4.0499253147E-06
    3      1.9630090816E-05  -1.2282297723E-01   1.2081152895E-02   3.1919149607E-02   4.4740950287E-03
    4      3.2203374263E-03   1.1618464935E-02  -1.3932500311E-02  -3.1810453155E-03   3.6622283969E-03
    5      2.3269602072E-03   3.2516871558E-02  -3.4352028524E-03  -2.2852386517E-02  -2.6320263771E-03
    6      2.1550435582E-04  -5.7625217223E-04  -4.1633445522E-03   2.1688037723E-03  -2.1864377404E-02
    7     -1.2504659024E-03  -1.3464985719E-03  -9.4470075662E-04   1.1624657915E-03   1.6827748950E-02
    8      4.3654834161E-04   1.5955898613E-03   3.5643151758E-03  -9.8236059125E-05  -1.1935423747E-02
    9     -6.8678350267E-05  -3.0284109439E-03   1.9952130402E-03  -3.6210422581E-03  -7.1885887911E-04
   10     -5.5334031725E-04   6.0166814604E-04   2.8263198831E-03   4.5995307533E-04  -7.2412059532E-04
   11     -5.8388633073E-04   1.5823129119E-03  -4.1385933886E-04   3.4689781386E-03   7.8496372971E-04
   12      2.0642323210E-03   3.0984712139E-04   3.1224266635E-03   4.4149636529E-03  -8.4759807752E-04
   13      2.6708345962E-03   4.7419110412E-04  -1.9455331588E-05  -2.2442725306E-03  -1.2318564665E-03
   14     -5.3898284313E-03   9.7058696891E-04  -3.6884732543E-03  -3.1793588032E-03   2.9736326048E-05
   15      2.6241555140E-04   1.1608178289E-04   1.8917117521E-04   2.5446513096E-04  -1.5814332651E-04
   16      2.6222766857E-03   2.3145431769E-05  -3.8303491285E-05  -2.6628133083E-04  -3.1992618195E-04
   17      4.8936466883E-04   1.0427976350E-04  -5.9978141518E-04  -5.4039224138E-04  -6.0773395093E-05
   18      5.5391533980E-03   6.3943323237E-05  -1.9459309838E-06   8.0080093038E-05  -4.4514750005E-04
   19     -4.6387890058E-02   3.5204962105E-05   8.9668796455E-04   2.7168610459E-04  -1.1204167036E-03
   20      3.7675988268E-02   1.4493402685E-04  -5.8099844743E-04  -5.1003288443E-04  -4.7914778475E-04
   21      1.4493402685E-04   1.2689609390E-01  -1.2207102767E-02  -3.5418229571E-02  -1.9654997463E-03
   22     -5.8099844743E-04  -1.2207102767E-02   1.1175299671E-02   3.0121835520E-03  -3.1885838022E-04
   23     -5.1003288443E-04  -3.5418229571E-02   3.0121835520E-03   2.1693214296E-02   1.7491531281E-04
   24     -4.7914778475E-04  -1.9654997463E-03  -3.1885838022E-04   1.7491531281E-04   2.1349502490E-01
   25      9.4631274608E-04   1.1935710082E-03   1.7167497900E-03  -9.0360933478E-04   4.8990663051E-02
   26     -1.9300888258E-03  -8.1607947090E-04  -2.4674659855E-03  -1.4423195638E-04   2.0327803853E-02
   27      6.4870334449E-04   2.5356497765E-04  -1.7818995348E-04   8.3322453962E-05  -1.9982379872E-02
   28     -1.5632820173E-03  -1.1929066570E-04   2.9490162261E-04   1.9265490030E-04   4.0847358632E-03
   29      1.8397962986E-03   1.9134610384E-04   1.3566802693E-03  -1.7785300567E-04   1.7894015161E-02
   30      1.0524559155E-04   3.3208931369E-04  -4.6665276479E-05   6.7473550968E-05  -4.3134613389E-02
   31     -2.4964698990E-04  -2.2436909556E-04  -4.3213720620E-04   3.0190494372E-04  -5.0022742686E-02
   32      2.9393153923E-04   2.2003551235E-04   3.6810041015E-04  -6.0850776362E-06  -1.4453377319E-02
   33     -1.1332265833E-04   9.9431308330E-05   2.2597465898E-05  -5.6390001765E-06  -3.1080931261E-04
   34     -6.1032884819E-04   6.1674146677E-05   8.0183352749E-05  -2.1106692348E-04  -2.6770334435E-04
   35      1.9147672223E-03   1.1549729391E-04  -4.2163809361E-04  -3.5182488673E-04   4.8959179049E-05
   36     -9.4416870979E-03  -2.5828575602E-04   7.3336891220E-05   9.2942729880E-05   3.9565189778E-03
   37      1.6824307923E-02  -2.1574495250E-05  -1.7169201409E-03  -4.8391191379E-04   2.5549124168E-03
   38     -1.9758576862E-02  -2.8425835876E-04  -5.9557134380E-04   4.6752015033E-04   3.5902379940E-03
   39     -1.3394560133E-03   6.0936654859E-05  -2.6820099259E-05  -1.3883661748E-06  -7.7096246130E-04
   40      5.3192378493E-03   1.2295620010E-05   3.5660338620E-04   1.1315800603E-04  -5.5688968330E-04
   41     -1.9860708235E-03   3.8146533332E-05   1.6208269348E-04  -1.4279798326E-04  -1.0733319805E-03
   42     -1.2984887381E-03   9.0172475299E-05  -1.9435731770E-05  -8.9688995138E-06  -1.7774789421E-03
   43      1.8698714004E-03   2.4308908467E-05   3.3143087418E-04   1.1830292306E-04  -6.3148994587E-04
   44      6.6944499689E-04   1.2971805696E-05   1.0145867091E-04  -1.2457655592E-04  -9.5670858674E-05
   45      7.7807219215E-05   5.2383025586E-04  -1.7669879697E-04   9.7043102526E-05  -1.3065125112E-01
   46     -1.2895929549E-04   2.2134313353E-04  -4.4867662048E-04   6.5752958618E-04  -2.2127496912E-02
   47      5.3081614594E-04  -2.3887013972E-04   8.8023942210E-04  -1.1180542719E-04  -1.2094171579E-02
                   25                 26                 27                 28                 29        
    0      5.5514858806E-04  -2.0517306996E-03  -8.3747797088E-04   8.2564543859E-04   6.2884543623E-04
    1     -2.0367520469E-03  -3.5003902263E-03  -9.7182874607E-04   2.5030720333E-03   1.6187034504E-03
    2     -3.7622529104E-03   7.8288314458E-03   9.2376909929E-04  -3.1949676164E-03  -3.9772777834E-03
    3     -2.4105896469E-03   1.1364034609E-03  -7.6572614869E-04   1.3000194579E-04  -5.0239951254E-04
    4     -1.1875797436E-02   1.2982180705E-02  -1.1646197576E-05  -1.3901752356E-03  -5.7704772000E-03
    5      4.4196273494E-03  -1.2346003969E-03   2.9308153710E-04  -7.8324286918E-04  -2.4233832712E-04
    6      1.8803011814E-02  -1.3246170107E-02   1.2033875412E-03  -7.3728927501E-04   1.1644788419E-03
    7     -3.8563686588E-02   1.7881992131E-02   9.3128661767E-05   1.0690577990E-03   3.0733075208E-03
    8      1.9571966343E-02  -2.0766782791E-02  -1.3842687312E-03   1.9292549832E-03  -5.2440089359E-03
    9      1.4183278744E-04   2.0506287184E-04   1.3860587555E-04  -3.1994117812E-05   6.2069893503E-05
   10      2.6456392072E-03  -2.3877516611E-03   2.6662145631E-05   2.7393853777E-04   1.0442101948E-03
   11     -1.6955727293E-03   3.3938755965E-04  -1.1205121629E-04   2.3623263842E-04  -5.5626459475E-05
   12     -5.9434117072E-05   4.5679577117E-04   2.3219509432E-04  -1.9959175597E-04  -3.0618082727E-04
   13      2.2856490647E-03  -3.8149947119E-03  -8.2985196219E-05   6.0181094067E-04   1.2393823670E-03
   14      1.9068143772E-03  -4.6006420329E-03  -3.3003464967E-04   1.2037495348E-03   2.1912853188E-03
   15     -2.0144086280E-04   3.0683055873E-04   1.2617680436E-04  -8.1809751523E-05  -9.3510623900E-05
   16      3.4026238782E-04   7.0596004146E-04   2.5238674292E-04  -5.8918883747E-04  -2.6960139346E-04
   17      6.8438360396E-04  -1.5584103851E-03  -1.5479964523E-04   4.9961162207E-04   7.4364840412E-04
   18      7.9126015715E-05  -3.7731893155E-04   9.5131776411E-04  -2.0379702498E-04   1.6947468890E-04
   19     -1.1445774284E-03   6.1314394332E-03   2.5176100278E-03  -6.4784022938E-03  -2.3022745992E-03
   20      9.4631274608E-04  -1.9300888258E-03   6.4870334449E-04  -1.5632820173E-03   1.8397962986E-03
   21      1.1935710082E-03  -8.1607947090E-04   2.5356497765E-04  -1.1929066570E-04   1.9134610384E-04
   22      1.7167497900E-03  -2.4674659855E-03  -1.7818995348E-04   2.9490162261E-04   1.3566802693E-03
   23     -9.0360933478E-04  -1.4423195638E-04   8.3322453962E-05   1.9265490030E-04  -1.7785300567E-04
   24      4.8990663051E-02   2.0327803853E-02  -1.9982379872E-02   4.0847358632E-03   1.7894015161E-02
   25      1.7358684607E-01   1.6949084547E-02   5.0055480897E-03  -1.1446709326E-02  -9.8374495142E-03
   26      1.6949084547E-02   1.0580558289E-01   1.9294147282E-02  -7.5323703883E-03  -4.2880796710E-02
   27      5.0055480897E-03   1.9294147282E-02   3.0343691458E-02   3.5400400933E-03  -1.2111963209E-02
   28     -1.1446709326E-02  -7.5323703883E-03   3.5400400933E-03   4.3592837308E-02   4.2929792040E-02
   29     -9.8374495142E-03  -4.2880796710E-02  -1.2111963209E-02   4.2929792040E-02   9.7271237839E-02
   30     -5.0332714453E-02  -1.4866835349E-02   1.9599438531E-03   1.4363249844E-03   1.6371995572E-03
   31     -9.7143003902E-02  -2.4258054806E-02  -8.2109007954E-04  -1.4423789742E-03  -2.6850780557E-03
   32     -2.4305307774E-02  -1.9096641889E-02  -1.2280735072E-03  -6.1960211845E-03  -4.1738517790E-03
   33      2.6125756633E-05   3.5778653146E-04   2.9097024390E-04  -2.7992452132E-04  -6.4618270125E-05
   34      3.0813433564E-04   8.7250892573E-04   8.4020046524E-05  -7.8585656128E-04  -4.8442072964E-04
   35      7.5932887073E-04  -1.5609394722E-03  -1.1201330400E-04   6.1415163976E-04   8.7198470121E-04
   36     -1.0395347743E-03  -1.5669669339E-04  -1.3457258304E-02  -7.9261174611E-03  -9.1906137726E-03
   37      4.1471900656E-06  -1.4136072442E-02  -9.0560958710E-03  -2.8761769597E-02  -2.1645196619E-02
   38     -3.2634395337E-03  -1.1551398384E-02  -1.0667609067E-02  -2.4867139427E-02  -3.8418170785E-02
   39      1.7348796368E-04  -2.6399088621E-04   1.6259157712E-03  -1.7806906172E-04  -2.3962156524E-04
   40      7.3983652991E-05   2.6018381148E-03   1.7385759071E-03   8.2819501768E-04  -4.8236956590E-03
   41      1.0702092473E-03   2.7938166769E-03   2.8304923854E-03  -8.2805545264E-04  -5.2525812016E-03
   42      2.9500155525E-04   9.7229017890E-04  -5.0340392092E-05  -7.8898160789E-04  -1.2043293742E-03
   43     -7.5845285670E-04   2.4172440513E-03  -3.2017518696E-03   4.6572772641E-05  -2.8602564686E-03
   44      1.2669778602E-04   1.4621545708E-03  -3.4776097737E-03  -1.6618543820E-03  -1.0612512904E-03
   45     -2.1214032618E-02  -1.1300956960E-02  -2.0325866950E-03   5.3286626878E-04   1.9807304952E-03
   46     -1.7992432114E-02  -2.4619618076E-03   1.0628668477E-03   1.6840947935E-03  -5.6903343722E-04
   47     -2.6499789948E-03  -1.2905240303E-02   5.4899839784E-03  -9.9310618677E-04  -1.4341962838E-03
                   30                 31                 32                 33                 34        
    0     -1.9064284343E-04  -1.7526235356E-04   4.0556641276E-04  -1.0078526206E-01  -2.8728619363E-02
    1     -8.7072385079E-05   4.0143436849E-04   7.2648993899E-04  -2.9677869115E-02  -2.3890265285E-02
    2      2.8562871315E-05   5.7213784989E-04  -1.7109102087E-03  -4.0300853629E-02  -1.3541704994E-02
    3     -1.0334960751E-03   8.0190836342E-04  -5.1254485422E-04  -1.9260468359E-04  -2.3187203632E-04
    4     -5.3952997771E-04   2.6301867686E-03  -2.2550313024E-03  -1.5196031975E-04   2.9637071353E-05
    5      5.2341633619E-04  -1.6628918051E-03   3.5046315095E-04   9.1396531767E-05   1.1801648399E-03
    6      1.9797909274E-03  -1.5600748611E-03   8.1689156076E-04   1.0318991056E-04   1.6392989504E-06
    7      2.3360813302E-03  -5.5139733043E-03   4.1333322084E-03   1.2956546048E-04   4.2665532017E-05
    8     -3.2062348877E-04   7.3630520294E-04   9.8633633186E-04  -1.1083714664E-04  -2.9966185691E-04
    9      1.8168255801E-04  -5.9805853752E-05   2.9225555233E-05   1.5908653685E-04  -4.1496237686E-05
   10      1.2464317444E-04  -4.1683948346E-04   4.1411040050E-04   5.4931464935E-05  -1.0606167595E-08
   11     -1.1877630007E-04   3.0082646578E-04   7.8057378600E-06   1.0551650702E-04  -2.6572816152E-04
   12      1.6153858255E-04  -5.6663232590E-05  -8.7287334871E-05   1.4173914504E-03  -1.4317770480E-03
   13      2.2626313756E-04  -6.4590965444E-04   7.9821239962E-04   1.6337739359E-04   2.4271274052E-04
   14      5.0786687445E-05  -2.4433149954E-04   8.8696915844E-04   2.3640696640E-04  -2.3240867632E-03
   15      4.5029402811E-05   4.7894727905E-05  -6.3189689167E-05  -2.7115024892E-03   2.9708250241E-03
   16      5.9255702640E-05  -1.0684208538E-04  -1.5754191380E-04  -1.7779602105E-03   3.4839976757E-03
   17      1.5604677044E-05  -1.2409830000E-04   3.2164529602E-04  -2.4878641837E-03   1.1596586948E-03
   18      1.0810768013E-04  -2.1596718086E-05   6.1410841468E-05  -1.2565287445E-04  -4.0733604531E-03
   19      2.4584701021E-04  -9.6457400650E-05  -1.3556743397E-03  -2.3353667615E-03  -3.4925389312E-03
   20      1.0524559155E-04  -2.4964698990E-04   2.9393153923E-04  -1.1332265833E-04  -6.1032884819E-04
   21      3.3208931369E-04  -2.2436909556E-04   2.2003551235E-04   9.9431308330E-05   6.1674146677E-05
   22     -4.6665276479E-05  -4.3213720620E-04   3.6810041015E-04   2.2597465898E-05   8.0183352749E-05
   23      6.7473550968E-05   3.0190494372E-04  -6.0850776362E-06  -5.6390001765E-06  -2.1106692348E-04
   24     -4.3134613389E-02  -5.0022742686E-02  -1.4453377319E-02  -3.1080931261E-04  -2.6770334435E-04
   25     -5.0332714453E-02  -9.7143003902E-02  -2.4305307774E-02   2.6125756633E-05   3.0813433564E-04
   26     -1.4866835349E-02  -2.4258054806E-02  -1.9096641889E-02   3.5778653146E-04   8.7250892573E-04
   27      1.9599438531E-03  -8.2109007954E-04  -1.2280735072E-03   2.9097024390E-04   8.4020046524E-05
   28      1.4363249844E-03  -1.4423789742E-03  -6.1960211845E-03  -2.7992452132E-04  -7.8585656128E-04
   29      1.6371995572E-03  -2.6850780557E-03  -4.1738517790E-03  -6.4618270125E-05  -4.8442072964E-04
   30      4.0708154520E-02   5.2521846542E-02   1.5269652600E-02   6.7222888844E-05   4.5441651145E-05
   31      5.2521846542E-02   1.0099505131E-01   2.6926000979E-02   1.7825426702E-05  -1.2990662868E-04
   32      1.5269652600E-02   2.6926000979E-02   1.7424088665E-02  -7.1897928282E-05  -2.1416573847E-04
   33      6.7222888844E-05   1.7825426702E-05  -7.1897928282E-05   1.0295436126E-01   3.2428301280E-02
   34      4.5441651145E-05  -1.2990662868E-04  -2.1416573847E-04   3.2428301280E-02   2.3286326448E-02
   35      6.0170497132E-07  -1.2459791466E-04   3.4941640725E-04   4.3185490042E-02   1.5352792875E-02
   36     -9.0208226249E-04   2.5300265412E-04   1.1039755731E-04  -1.8475539095E-03  -7.7733752856E-04
   37     -2.6286271243E-04   5.1855987002E-04   2.6748580700E-03   1.2815496374E-03   2.1296055236E-03
   38     -6.4292166489E-04   1.4399091854E-03   2.6661423004E-03  -8.3741576072E-04  -1.1000259251E-03
   39      1.8346444080E-04  -1.5653886555E-05   1.4925249485E-05   3.2372832120E-04  -3.8380091415E-05
   40      8.2686960307E-05  -2.2051247155E-05  -4.5630899141E-04  -2.8219613516E-04  -4.8641452111E-04
   41      1.5571441267E-04  -2.6154210579E-04  -4.2825617477E-04   1.2746464382E-04   3.6027872087E-04
   42      3.5930862024E-04  -1.9523351436E-05  -2.3044329418E-04   4.5714373902E-04  -3.5549419849E-05
   43      1.7434289723E-05  -9.3683833363E-05  -6.2711613545E-04   3.0419733070E-04  -7.1967972186E-04
   44     -1.2581787948E-04  -2.7022576885E-04  -5.8039524093E-04  -4.7590502281E-05   3.0525373357E-04
   45     -8.2549821755E-04  -6.6199350107E-04  -2.8145428066E-04   1.0085967113E-04   5.7439067942E-05
   46     -5.8306820721E-03   1.4979514067E-03  -4.7962309133E-04   5.3560852977E-05  -9.8590424303E-05
   47     -1.7791203894E-03  -3.9093131699E-04   2.7093417836E-03  -5.4616740339E-05  -1.6728977470E-04
                   35                 36                 37                 38                 39        
    0     -4.0347948858E-02   3.3992461622E-03  -2.8571743445E-03   1.9138732590E-03  -7.9178718986E-04
    1     -1.4022680866E-02   5.0591833096E-03  -1.1756252048E-02   5.1691954860E-03  -6.9545978139E-04
    2     -3.1721311414E-02  -1.8478435810E-03   1.1370539680E-02  -9.2947524008E-04   2.8941086860E-06
    3     -4.8420819828E-04   5.6203484084E-04   4.6393502317E-04   1.0057701985E-03  -1.7406353619E-04
    4      2.8585663268E-03  -8.0744861109E-04   8.0767191700E-03   2.8958747329E-03   1.6339152287E-04
    5      2.5297405157E-03  -8.6469082146E-04   3.3512567596E-03  -2.4174167841E-03   1.3743600930E-05
    6      1.1666864469E-05  -7.2969231171E-04  -2.7309666213E-05  -2.7097267799E-04   1.4999951265E-04
    7     -1.1392218827E-03   6.0318329022E-04  -4.5082146808E-03  -1.5242322313E-03  -8.4593863064E-05
    8      2.8156898615E-04   1.5653207669E-04   3.3392048806E-03   1.9622909466E-03  -4.6578469339E-05
    9     -8.1725092757E-05  -1.8408825066E-04  -9.8712790174E-05  -5.2148727911E-05   5.1526545372E-05
   10     -5.8844724937E-04   1.8545956271E-04  -1.6066078392E-03  -5.8280334717E-04  -2.6693477487E-05
   11     -6.7221298155E-04   2.4173793178E-04  -6.6319507821E-04   4.6439742308E-04  -3.7313426402E-05
   12     -3.4170614897E-03  -9.9810491981E-04   1.1421763802E-03  -1.9384434748E-04   1.9198260943E-04
   13     -4.1007010040E-03  -4.5755789709E-04  -1.6352628103E-03  -7.7927152125E-04   5.0003126647E-05
   14     -4.8573710472E-03   1.6472396454E-03  -6.1473166714E-03  -2.7722824034E-04  -2.8184308853E-04
   15     -7.2044228149E-04  -4.9294387799E-04  -8.4023766047E-05  -1.5878837946E-04   1.5613863029E-04
   16     -3.7630464810E-04  -1.0551665933E-03   2.8468949267E-03  -1.8853515208E-03   1.3476337297E-04
   17      2.5636986443E-03   2.6428886705E-04  -2.1709198172E-03   1.6905122130E-04  -2.4446738902E-05
   18      1.5447322602E-03  -1.9688152229E-02   1.7473830998E-02  -1.0448066893E-02   1.9950830000E-03
   19      2.3798003546E-03   1.5290148945E-02  -3.5490364728E-02   1.7915414050E-02   1.3005579194E-03
   20      1.9147672223E-03  -9.4416870979E-03   1.6824307923E-02  -1.9758576862E-02  -1.3394560133E-03
   21      1.1549729391E-04  -2.5828575602E-04  -2.1574495250E-05  -2.8425835876E-04   6.0936654859E-05
   22     -4.2163809361E-04   7.3336891220E-05  -1.7169201409E-03  -5.9557134380E-04  -2.6820099259E-05
   23     -3.5182488673E-04   9.2942729880E-05  -4.8391191379E-04   4.6752015033E-04  -1.3883661748E-06
   24      4.8959179049E-05   3.9565189778E-03   2.5549124168E-03   3.5902379940E-03  -7.7096246130E-04
   25      7.5932887073E-04  -1.0395347743E-03   4.1471900656E-06  -3.2634395337E-03   1.7348796368E-04
   26     -1.5609394722E-03  -1.5669669339E-04  -1.4136072442E-02  -1.1551398384E-02  -2.6399088621E-04
   27     -1.1201330400E-04  -1.3457258304E-02  -9.0560958710E-03  -1.0667609067E-02   1.6259157712E-03
   28      6.1415163976E-04  -7.9261174611E-03  -2.8761769597E-02  -2.4867139427E-02  -1.7806906172E-04
   29      8.7198470121E-04  -9.1906137726E-03  -2.1645196619E-02  -3.8418170785E-02  -2.3962156524E-04
   30      6.0170497132E-07  -9.0208226249E-04  -2.6286271243E-04  -6.4292166489E-04   1.8346444080E-04
   31     -1.2459791466E-04   2.5300265412E-04   5.1855987002E-04   1.4399091854E-03  -1.5653886555E-05
   32      3.4941640725E-04   1.1039755731E-04   2.6748580700E-03   2.6661423004E-03   1.4925249485E-05
   33      4.3185490042E-02  -1.8475539095E-03   1.2815496374E-03  -8.3741576072E-04   3.2372832120E-04
   34      1.5352792875E-02  -7.7733752856E-04   2.1296055236E-03  -1.1000259251E-03  -3.8380091415E-05
   35      3.0436886853E-02   1.8174056229E-04  -1.9139812564E-03  -4.0779802331E-04   5.5763628196E-05
   36      1.8174056229E-04   2.2425984394E-01   2.5683546434E-02  -3.0968949715E-02  -6.3128115538E-02
   37     -1.9139812564E-03   2.5683546434E-02   1.0622350306E-01  -1.2333682596E-02  -1.7560829853E-02
   38     -4.0779802331E-04  -3.0968949715E-02  -1.2333682596E-02   1.5850908265E-01   5.6391601065E-02
