
$orca_hessian_file

$act_atom
  0

$act_coord
  0

$act_energy
        0.000000

$multiplicity
  1

$hessian
48
                    0                  1                  2                  3                  4        
    0      2.0833768436E-01  -2.7979522019E-02   3.2755666523E-02   3.1699911912E-03  -6.6465562250E-04
    1     -2.7979522019E-02   1.4376706559E-01  -1.3861127472E-03  -3.2478210479E-03  -3.1746891305E-03
    2      3.2755666523E-02  -1.3861127472E-03   1.1189473799E-01  -8.6450345418E-03  -1.2298893031E-02
    3      3.1699911912E-03  -3.2478210479E-03  -8.6450345418E-03   1.7033679747E-01   2.7148410957E-03
    4     -6.6465562250E-04  -3.1746891305E-03  -1.2298893031E-02   2.7148410957E-03   1.0331773726E-01
    5     -2.3638457942E-03  -5.7575118573E-03  -1.1418212672E-02  -4.5233531893E-02  -1.9378103657E-02
    6     -1.1765592413E-03   1.7896595496E-04  -3.3430906169E-04  -1.6705383183E-02   1.8251877830E-02
    7      1.4111987238E-04   3.5805466890E-05   4.5435604743E-03   1.9749007749E-02  -4.6503244040E-02
    8     -1.0692926123E-05   5.8660219875E-04  -1.0213584613E-03  -2.5228050727E-03   3.9209645425E-03
    9     -1.5073463225E-03   1.4805366685E-03   2.7796698404E-03  -1.0050459691E-01  -9.7003801224E-05
   10      8.0173696509E-05  -4.8605669709E-05   2.5620857954E-03  -2.5321631337E-04  -1.1252931674E-02
   11      8.3040536553E-04   1.6134960699E-03   1.0442015417E-03   4.5827744184E-02   3.4664775840E-04
   12     -9.0929501901E-03   3.5420938226E-03   7.2800883131E-03  -3.2963596063E-02  -1.7908590727E-02
   13      2.9371637037E-03  -1.9633457248E-02  -1.9691089973E-02  -1.7139489735E-02  -1.8416631711E-02
   14      5.2015558465E-03  -2.1617145346E-02  -4.4949496034E-02  -1.7597188498E-02  -1.3148466983E-02
   15     -6.8637865622E-02   5.5395882656E-02  -9.9349960063E-03  -1.7386725605E-03  -1.3046194460E-04
   16      5.5736134373E-02  -6.7142772022E-02   8.5476022853E-03   1.2248728141E-03   5.2911710399E-04
   17     -1.0180810002E-02   8.8246816387E-03  -1.3302294332E-02   2.0315878022E-03   2.2812819853E-03
   18     -1.7179383397E-02  -1.9194862009E-02   1.1942157070E-02  -1.7142957849E-03  -1.1366483457E-03
   19     -1.7832943708E-02  -3.5737801698E-02   1.7713824123E-02  -9.3223221110E-04  -3.2700371166E-03
   20      1.2002698639E-02   1.9444371490E-02  -1.8323086469E-02   1.6133411712E-03   2.9562778309E-03
   21     -1.0241393292E-03   8.6740963121E-04   1.4892634055E-03  -1.7927177636E-02  -5.9536018592E-03
   22     -3.2683568197E-04   6.1171987796E-04   1.6546556928E-03  -6.1106030934E-03  -1.7853754468E-02
   23     -7.6443803450E-05   1.7338006335E-03   2.4418092891E-03   2.4255044592E-02   2.6767824105E-02
   24      3.0145884494E-03   7.7831510695E-04  -8.3867543522E-04  -1.6568343026E-03   6.1128901574E-03
   25      6.8791410130E-04  -3.0496929091E-03  -2.7156435689E-03   4.7469233193E-03  -8.3992508219E-03
   26     -1.0727829089E-03  -2.3816319886E-03   6.3457032471E-03  -5.5431614967E-03   1.5091590273E-02
   27     -1.1612395127E-03  -3.8192043502E-04   9.9424559485E-04  -1.2931914400E-03   1.1875284299E-03
   28      1.5409904238E-03   1.6502414968E-03  -2.5307933639E-03   7.6861821443E-05  -9.7175903549E-04
   29      8.7613495754E-04   6.5894356224E-04  -2.3379074408E-03   1.8050638994E-03  -4.3616442988E-03
   30     -7.1318387842E-04  -4.9151279780E-05   1.4004705036E-04   2.9321039172E-05  -1.2723241588E-03
   31     -1.4696682130E-05   4.5936410361E-04   5.4002524624E-04  -1.3257849690E-03   2.1876248697E-03
   32      2.1021107744E-04   5.1793869554E-04  -1.3568250691E-03   1.1863566206E-03  -2.7309419910E-03
   33     -1.1073764591E-01  -9.9412588968E-03  -3.8178397802E-02  -9.7661267915E-05   5.9306539475E-04
   34     -9.9564978447E-03  -1.3236398364E-02  -3.9174192511E-03   9.4291970094E-04   1.6398873553E-04
   35     -3.8677946540E-02  -4.1937710733E-03  -2.5526805355E-02   1.8219953198E-03   2.5103693167E-03
   36     -2.6216052258E-03  -1.8795284107E-03   1.5561785318E-03   1.9344104887E-03  -5.2257588944E-04
   37     -6.6876699554E-03  -1.0532258968E-02   1.0215590458E-02   2.9532885963E-04   6.4384164237E-03
   38      1.7850205479E-03   3.9360792506E-03  -2.4267873163E-03  -2.0440160219E-04   2.5373591707E-03
   39      4.7688707498E-04   1.4474899962E-03  -1.1091703470E-03  -5.1666830424E-04   1.4001993570E-04
   40      1.0157606219E-03   2.3844921109E-03  -2.1854255468E-03  -6.5804475466E-05  -1.1977854432E-03
   41     -3.6750131287E-04  -1.2251149741E-03   2.9502151812E-04   3.4678836823E-05  -4.8185634916E-04
   42     -3.2135225596E-04  -7.8555881905E-05   1.8265983996E-04  -4.8908136871E-04   2.1150379606E-04
   43      2.1386740930E-03   2.0014290456E-03  -1.8578818131E-03  -5.3020813640E-05  -1.3259694010E-03
   44     -9.4757850217E-04  -1.3831577174E-03   2.6449668224E-04   3.7920743026E-04  -7.5815432513E-04
   45     -8.2588018659E-04  -9.4215394938E-04  -7.8980369801E-05   1.3663863040E-04  -1.5262541414E-03
   46     -8.1102927987E-04   1.6455583140E-03   8.0691250832E-04  -6.2239285106E-04  -2.7083155028E-04
   47      3.5496227659E-05   6.2753487602E-04  -1.6231971181E-03   7.9001963644E-04  -3.2550732103E-03
                    5                  6                  7                  8                  9        
    0     -2.3638457942E-03  -1.1765592413E-03   1.4111987238E-04  -1.0692926123E-05  -1.5073463225E-03
    1     -5.7575118573E-03   1.7896595496E-04   3.5805466890E-05   5.8660219875E-04   1.4805366685E-03
    2     -1.1418212672E-02  -3.3430906169E-04   4.5435604743E-03  -1.0213584613E-03   2.7796698404E-03
    3     -4.5233531893E-02  -1.6705383183E-02   1.9749007749E-02  -2.5228050727E-03  -1.0050459691E-01
    4     -1.9378103657E-02   1.8251877830E-02  -4.6503244040E-02   3.9209645425E-03  -9.7003801224E-05
    5      1.9491634483E-01  -2.8715332663E-03   6.4830047536E-03  -9.8684702153E-03   4.5685977791E-02
    6     -2.8715332663E-03   3.3443851361E-02  -3.4393431620E-02   2.3459420409E-02  -2.4075089295E-03
    7      6.4830047536E-03  -3.4393431620E-02   7.6897331049E-02  -3.0394042418E-02   1.8608672630E-03
    8     -9.8684702153E-03   2.3459420409E-02  -3.0394042418E-02   5.6885042476E-02   1.0188912446E-04
    9      4.5685977791E-02  -2.4075089295E-03   1.8608672630E-03   1.0188912446E-04   1.0717997003E-01
   10      2.2225510024E-04   5.7893587863E-03  -1.7667067487E-03   2.3705059250E-04  -4.7117847436E-04
   11     -3.7121286171E-02   5.8925835697E-05  -9.1165291572E-05   1.4457263630E-03  -4.8379907524E-02
   12     -1.8740724739E-02   1.0448977403E-03   1.2328989229E-04   5.1799526314E-04  -3.7968373837E-03
   13     -1.4206080949E-02  -1.4011546655E-03  -5.1686944894E-03  -1.1610153486E-03  -1.8278201123E-03
   14     -2.4229180121E-02  -1.7668766145E-04  -2.7891522000E-03   7.7293077975E-04  -7.8628581110E-04
   15     -1.4708499252E-04   3.1964105445E-04  -6.7982289530E-05   5.1516576321E-05   3.7569597608E-04
   16      1.6402690590E-03   4.2075426474E-05  -3.3439029229E-04  -1.7659937549E-04  -1.6901332455E-04
   17      1.7617028811E-03   2.1352560131E-04  -1.1446131959E-03   2.2133394390E-04  -1.7587666968E-04
   18     -4.4382389653E-04   2.1656456815E-04   2.7549275739E-04  -9.8397637234E-05   2.4867194772E-04
   19     -9.5831414411E-04  -1.7799205726E-04   1.2796987991E-03  -8.6072501560E-04   2.5851024843E-04
   20      1.5497881881E-03   1.5948714148E-04  -8.0547743156E-04   4.1339592680E-04  -4.6345323540E-04
   21      2.4109479543E-02   8.7091756154E-04   1.4538355203E-03  -2.1186148407E-03   5.1680010532E-04
   22      2.7116100745E-02   1.3599266006E-03  -3.2740995913E-03   6.2268019481E-03   2.7528710674E-05
   23     -1.1388595843E-01  -3.5752361857E-04   1.7066642777E-03  -1.1952404612E-03   8.9732608985E-04
   24     -1.7603450630E-03  -1.5278642662E-02   8.7506339262E-03  -1.6884143045E-02   6.4122560159E-05
   25      4.1719138950E-03   8.1431842333E-03  -1.7475643892E-02   1.7322846510E-02  -1.1809304817E-03
   26     -9.8685604182E-04  -1.5250829148E-02   1.5113142247E-02  -4.0765215485E-02   1.8041220552E-03
   27      2.2762864447E-04   8.6913120978E-04  -7.5393537600E-04   6.5995541380E-04   2.6577001839E-04
   28     -6.1816017374E-04  -5.5922916993E-04   9.0246281603E-04   4.2383764006E-04   3.9286478290E-05
   29     -5.5986174507E-04   2.3630039090E-03   2.5129069154E-03  -5.2362438625E-03  -3.6105444278E-04
   30      3.1490469723E-04   4.1919164240E-04   2.6671566509E-03  -5.0226362085E-04  -7.4473456342E-05
   31     -7.8944471222E-04   1.6497296055E-03  -4.0351634465E-03   1.1296222683E-03   2.5937333267E-04
   32      3.8254622666E-05  -1.8914516849E-03   5.6822146896E-03  -6.1187774343E-05  -2.9905175791E-04
   33      7.0036710449E-04   2.2714183543E-04  -7.9667780190E-05   3.0289419424E-05   1.1279745867E-04
   34      9.9944288864E-04  -2.5313139152E-04  -7.2549883255E-05  -2.3272745669E-04  -3.8606518808E-04
   35      2.0429547650E-03  -2.5348093835E-05  -7.5464996072E-04   1.7964893233E-04  -6.7821371842E-04
   36      2.7951652112E-04  -1.0001616939E-03   6.7368408913E-04  -1.3591042049E-03  -6.9341372993E-04
   37      2.7160619936E-03  -1.1440076105E-04  -2.9033804883E-03   2.9377831703E-03  -2.1218711044E-04
   38     -2.5768890676E-03  -3.6281227949E-04  -1.0280774079E-03   1.8357390806E-03   4.0773083822E-04
   39     -2.6783198474E-04   1.6010956928E-04  -1.5017610013E-04   2.5930167062E-04   1.9510029860E-04
   40     -4.8920404944E-04  -2.3784816289E-05   5.1341450525E-04  -4.1925861651E-04   1.7818825211E-05
   41      4.7488747644E-04   2.4230631701E-04   1.6311861674E-04  -3.5252137654E-04  -1.1931122707E-05
   42      4.2696261116E-05   3.7688584456E-04  -2.1030337156E-04   3.7947735039E-04   1.5536014107E-04
   43     -4.9714032355E-04  -5.6356083495E-05   6.1964656904E-04  -6.5171275711E-04   3.7474138395E-05
   44      2.5802971305E-04  -3.0865117375E-05   3.6760443947E-04  -8.3876365246E-04  -1.2143019827E-04
   45      4.6923467764E-04  -1.3800766759E-03  -3.9279750887E-05  -1.9643268802E-03  -1.3011181163E-04
   46     -6.5426970522E-04   1.5640506948E-03   1.2855136666E-03   1.1105359386E-03   3.6280270177E-04
   47     -3.9524801893E-04  -5.1948062806E-03   4.3499767183E-04  -2.4148162138E-03  -3.9947066833E-04
                   10                 11                 12                 13                 14        
    0      8.0173696509E-05   8.3040536553E-04  -9.0929501901E-03   2.9371637037E-03   5.2015558465E-03
    1     -4.8605669709E-05   1.6134960699E-03   3.5420938226E-03  -1.9633457248E-02  -2.1617145346E-02
    2      2.5620857954E-03   1.0442015417E-03   7.2800883131E-03  -1.9691089973E-02  -4.4949496034E-02
    3     -2.5321631337E-04   4.5827744184E-02  -3.2963596063E-02  -1.7139489735E-02  -1.7597188498E-02
    4     -1.1252931674E-02   3.4664775840E-04  -1.7908590727E-02  -1.8416631711E-02  -1.3148466983E-02
    5      2.2225510024E-04  -3.7121286171E-02  -1.8740724739E-02  -1.4206080949E-02  -2.4229180121E-02
    6      5.7893587863E-03   5.8925835697E-05   1.0448977403E-03  -1.4011546655E-03  -1.7668766145E-04
    7     -1.7667067487E-03  -9.1165291572E-05   1.2328989229E-04  -5.1686944894E-03  -2.7891522000E-03
    8      2.3705059250E-04   1.4457263630E-03   5.1799526314E-04  -1.1610153486E-03   7.7293077975E-04
    9     -4.7117847436E-04  -4.8379907524E-02  -3.7968373837E-03  -1.8278201123E-03  -7.8628581110E-04
   10      1.0153832540E-02  -3.6596469656E-04  -3.5206985735E-03   1.2472040562E-04  -4.7545064620E-04
   11     -3.6596469656E-04   3.5620342126E-02  -3.1068659679E-03  -8.8436308777E-04   1.1170151989E-03
   12     -3.5206985735E-03  -3.1068659679E-03   4.3558112708E-02   1.7462443556E-02   1.6997550728E-02
   13      1.2472040562E-04  -8.8436308777E-04   1.7462443556E-02   4.3687715673E-02   4.5198249805E-02
   14     -4.7545064620E-04   1.1170151989E-03   1.6997550728E-02   4.5198249805E-02   8.3396692635E-02
   15     -3.2226521316E-04  -1.5028088477E-04   7.3657985581E-04   1.6399036432E-03   9.5980974900E-04
   16     -2.0886311603E-04  -3.2909208030E-04   1.4346342786E-03  -2.1941727136E-03  -1.6417496774E-03
   17     -4.8915839506E-04   1.7927105464E-05   1.9481755676E-03  -5.5530121645E-03  -1.3027070716E-03
   18      1.9734713607E-04  -5.5593358057E-04   1.5411628308E-04  -9.9186346126E-05   1.8458135131E-03
   19      8.2100277545E-04   1.2150628668E-05   2.4387292986E-04   1.2802545102E-03   1.6640019764E-03
   20     -3.5366812778E-04  -8.1600473006E-04   1.0091028226E-03   1.7443032416E-03  -4.5934917164E-03
   21     -1.4183879443E-03   6.2142366174E-03   9.1443441046E-04  -6.2323873630E-04  -4.2786645996E-03
   22      2.3273754563E-03   1.5339436696E-04  -1.8717064457E-04   6.1037631328E-04  -3.7331510196E-03
   23      9.3692706396E-04  -1.1594683609E-03  -5.0665659661E-04  -8.9335185377E-04  -4.9681144710E-03
   24     -6.7361681397E-04   3.1918732571E-04  -1.1230224094E-03  -9.6787659043E-04  -8.7075394119E-04
   25      8.6023548937E-04  -1.9467835317E-04  -4.9226151272E-05   1.2277484680E-03   5.5105556181E-04
   26     -2.8633307946E-03  -1.1062982666E-03  -5.5762191911E-04  -3.3667678844E-03  -3.4648728525E-03
   27      9.7574396548E-05  -4.7537286451E-04   2.2845412389E-04  -2.4398830937E-04  -2.9028680250E-04
   28      1.3747635922E-04   4.6085296176E-04   7.5614896035E-07   3.7141377132E-04   5.6072577550E-04
   29      6.8466158511E-04   2.2936243715E-05   6.2109011212E-05   7.3461197303E-04   1.0588379922E-03
   30      3.3395563265E-04  -1.0804940696E-04   2.4117883980E-04   1.8053431977E-04   2.1285517075E-04
   31     -3.3979218801E-04   8.6919685836E-05   1.5187764652E-04  -5.7635667830E-04  -1.4685609627E-04
   32      5.0538029292E-04   1.8973987967E-04   1.0580028645E-04   7.8796907092E-04   6.7887059171E-04
   33     -1.6503017494E-04  -2.9132164392E-04   3.2880798573E-04  -3.8344730425E-04  -8.1700306301E-04
   34      7.9315935328E-06  -3.1925157518E-04  -2.2230961320E-03  -1.4525000587E-04  -2.3808046913E-03
   35     -6.5997081065E-04  -3.3026165869E-04  -4.8506618150E-03  -3.1097452457E-03  -4.0631931506E-03
   36     -5.0629173649E-05   9.6542437876E-05  -5.6684077178E-04   2.9544568952E-05  -6.6218927074E-04
   37     -1.3182377356E-03  -9.9612392794E-04   1.2245843067E-04  -7.4819764074E-04  -4.2046901270E-03
   38     -8.2503897372E-04   1.2254902517E-03  -2.0072036848E-04  -5.8767450879E-04  -2.1426051498E-05
   39     -1.3215864570E-05   5.6219587208E-05   1.2044840415E-04  -2.8629213296E-05   2.0253746849E-04
   40      2.6032265834E-04   1.3984856942E-04  -9.0978383405E-05   1.5644282309E-04   7.8114335172E-04
   41      1.2349722380E-04  -1.3530050546E-04   1.4699103977E-04   1.7369699221E-04  -6.0284443086E-05
   42      2.0881037495E-05  -1.0486538693E-04   1.3734859217E-04  -2.2399702861E-05   1.2481683216E-04
   43      2.4174726044E-04   1.8611613119E-04   5.0280789156E-05   1.6022311650E-04   8.0192280166E-04
   44      1.5268437163E-04  -1.6418234870E-04   2.8765334729E-05   2.1978202589E-04  -5.4838189698E-05
   45      3.6894798596E-04  -2.3070468426E-04   7.8867874514E-05   4.8775788964E-04  -6.5942674532E-05
   46      4.9259423115E-07   1.8113256869E-04   8.4793615184E-04  -7.3613459461E-04   5.8107858973E-04
   47      6.0812069059E-04   1.4942333171E-04  -1.3326394626E-04   5.9377683035E-04   6.8325690410E-04
                   15                 16                 17                 18                 19        
    0     -6.8637865622E-02   5.5736134373E-02  -1.0180810002E-02  -1.7179383397E-02  -1.7832943708E-02
    1      5.5395882656E-02  -6.7142772022E-02   8.8246816387E-03  -1.9194862009E-02  -3.5737801698E-02
    2     -9.9349960063E-03   8.5476022853E-03  -1.3302294332E-02   1.1942157070E-02   1.7713824123E-02
    3     -1.7386725605E-03   1.2248728141E-03   2.0315878022E-03  -1.7142957849E-03  -9.3223221110E-04
    4     -1.3046194460E-04   5.2911710399E-04   2.2812819853E-03  -1.1366483457E-03  -3.2700371166E-03
    5     -1.4708499252E-04   1.6402690590E-03   1.7617028811E-03  -4.4382389653E-04  -9.5831414411E-04
    6      3.1964105445E-04   4.2075426474E-05   2.1352560131E-04   2.1656456815E-04  -1.7799205726E-04
    7     -6.7982289530E-05  -3.3439029229E-04  -1.1446131959E-03   2.7549275739E-04   1.2796987991E-03
    8      5.1516576321E-05  -1.7659937549E-04   2.2133394390E-04  -9.8397637234E-05  -8.6072501560E-04
    9      3.7569597608E-04  -1.6901332455E-04  -1.7587666968E-04   2.4867194772E-04   2.5851024843E-04
   10     -3.2226521316E-04  -2.0886311603E-04  -4.8915839506E-04   1.9734713607E-04   8.2100277545E-04
   11     -1.5028088477E-04  -3.2909208030E-04   1.7927105464E-05  -5.5593358057E-04   1.2150628668E-05
   12      7.3657985581E-04   1.4346342786E-03   1.9481755676E-03   1.5411628308E-04   2.4387292986E-04
   13      1.6399036432E-03  -2.1941727136E-03  -5.5530121645E-03  -9.9186346126E-05   1.2802545102E-03
   14      9.5980974900E-04  -1.6417496774E-03  -1.3027070716E-03   1.8458135131E-03   1.6640019764E-03
   15      6.9914415551E-02  -5.9681296241E-02   9.7561641008E-03   1.2855838961E-03  -1.6770466904E-03
   16     -5.9681296241E-02   7.1086103406E-02  -9.0642842251E-03   1.0657250325E-03  -5.4922522720E-03
   17      9.7561641008E-03  -9.0642842251E-03   1.1167505861E-02  -6.2429823280E-04   4.4320736462E-03
   18      1.2855838961E-03   1.0657250325E-03  -6.2429823280E-04   2.7708310622E-02   3.5087788900E-02
   19     -1.6770466904E-03  -5.4922522720E-03   4.4320736462E-03   3.5087788900E-02   1.0315799811E-01
   20      4.7721785157E-04   2.3497639662E-03  -2.6758009324E-04  -2.0561701050E-02  -5.0165048496E-02
   21      2.8953829213E-04  -1.4223375270E-04  -2.1958654224E-04   3.7111490936E-04   1.8448510862E-04
   22      1.1758624678E-04  -3.6735560810E-05  -2.3785423667E-04   2.1559759161E-04   6.0472192650E-04
   23      7.6684502302E-05  -3.5757060777E-04  -3.4499516277E-04   1.1011075727E-04   1.7743619048E-04
   24     -5.9548154620E-04  -4.4440671249E-04   5.9340553646E-05  -1.4084606414E-03  -3.0673052307E-03
   25     -1.5363162295E-04   3.3514112319E-04   4.3489284706E-04  -4.7003970344E-04  -1.0243087931E-03
   26      1.0923828830E-04   1.5547710961E-04  -1.4951732752E-03   5.6801884999E-04   4.1970319110E-03
   27      2.2521086816E-04   1.2548118560E-04  -2.2485109944E-04   7.0171503399E-04   1.0949855930E-03
   28     -2.6267145559E-04  -4.2293633037E-04   4.4257695067E-04  -6.5469890772E-04  -5.0514690420E-03
   29     -1.5442967389E-04  -8.9647522950E-05   4.6551573186E-04  -6.3834927739E-04  -1.4712692093E-03
   30      1.6763666849E-04   1.1177354959E-04   1.1572740414E-06   3.0262113053E-04   6.7213591737E-04
   31     -9.5727671266E-07  -1.3948760649E-04  -1.4835868467E-04   1.0475656767E-04   1.4202217467E-05
   32     -2.4007937230E-05  -4.9383298442E-05   3.4399287904E-04  -6.5527102754E-05  -1.0181109792E-03
   33     -2.7868277060E-03  -3.2649016242E-04  -2.0182168850E-03  -2.6244304321E-03  -2.9726731526E-03
   34      4.6667676757E-03   2.4625354720E-03   1.7190671997E-03  -4.1428323740E-03  -2.1532697979E-03
   35     -8.9960528835E-04  -1.0431872871E-04   2.1672845930E-03   2.5316039939E-03   2.2760288020E-03
   36      1.2978357215E-04   1.1278581717E-03  -7.7262680842E-04  -7.5344760721E-03  -9.6955167672E-03
   37      5.7381944486E-04   2.7063018626E-03  -2.2155123105E-03  -8.0505869609E-03  -4.8309635524E-02
   38     -2.7583962194E-04  -1.3898344702E-03   3.2508258154E-04   4.5023227485E-03   2.0673260300E-02
   39      2.3319894579E-05  -2.4419406674E-04   1.5499673043E-04  -1.6697816697E-03  -1.9649365252E-03
   40     -1.0164259000E-04  -3.5768165436E-04   3.3731060863E-04  -5.2762505311E-03  -2.7732510611E-03
   41      3.9623439753E-05   2.3000307831E-04   8.0725837240E-06   2.2897651357E-03   1.6900171934E-03
   42      1.1900697298E-04  -5.7842728859E-05   2.7425203983E-05   1.0680094380E-03   9.3325860321E-05
   43     -2.1789577112E-04  -5.5671401923E-04   5.0035234698E-04   1.5040572819E-03  -3.4683547127E-03
   44      1.1798787776E-04   3.2176017409E-04  -8.6936497861E-05  -8.7007731053E-04   2.3514842531E-03
   45      1.7243483324E-04   1.9757925486E-04   2.3565946057E-05   7.4120167329E-05   6.8630189530E-04
   46      2.2123433016E-04  -2.3319337996E-04  -1.1912821966E-04   5.7357980006E-04   1.2250168023E-04
   47     -1.6705214668E-06  -4.2711477395E-05   3.2126827154E-04   6.7776190481E-05  -7.1361068278E-04
                   20                 21                 22                 23                 24        
    0      1.2002698639E-02  -1.0241393292E-03  -3.2683568197E-04  -7.6443803450E-05   3.0145884494E-03
    1      1.9444371490E-02   8.6740963121E-04   6.1171987796E-04   1.7338006335E-03   7.7831510695E-04
    2     -1.8323086469E-02   1.4892634055E-03   1.6546556928E-03   2.4418092891E-03  -8.3867543522E-04
    3      1.6133411712E-03  -1.7927177636E-02  -6.1106030934E-03   2.4255044592E-02  -1.6568343026E-03
    4      2.9562778309E-03  -5.9536018592E-03  -1.7853754468E-02   2.6767824105E-02   6.1128901574E-03
    5      1.5497881881E-03   2.4109479543E-02   2.7116100745E-02  -1.1388595843E-01  -1.7603450630E-03
    6      1.5948714148E-04   8.7091756154E-04   1.3599266006E-03  -3.5752361857E-04  -1.5278642662E-02
    7     -8.0547743156E-04   1.4538355203E-03  -3.2740995913E-03   1.7066642777E-03   8.7506339262E-03
    8      4.1339592680E-04  -2.1186148407E-03   6.2268019481E-03  -1.1952404612E-03  -1.6884143045E-02
    9     -4.6345323540E-04   5.1680010532E-04   2.7528710674E-05   8.9732608985E-04   6.4122560159E-05
   10     -3.5366812778E-04  -1.4183879443E-03   2.3273754563E-03   9.3692706396E-04  -6.7361681397E-04
   11     -8.1600473006E-04   6.2142366174E-03   1.5339436696E-04  -1.1594683609E-03   3.1918732571E-04
   12      1.0091028226E-03   9.1443441046E-04  -1.8717064457E-04  -5.0665659661E-04  -1.1230224094E-03
   13      1.7443032416E-03  -6.2323873630E-04   6.1037631328E-04  -8.9335185377E-04  -9.6787659043E-04
   14     -4.5934917164E-03  -4.2786645996E-03  -3.7331510196E-03  -4.9681144710E-03  -8.7075394119E-04
   15      4.7721785157E-04   2.8953829213E-04   1.1758624678E-04   7.6684502302E-05  -5.9548154620E-04
   16      2.3497639662E-03  -1.4223375270E-04  -3.6735560810E-05  -3.5757060777E-04  -4.4440671249E-04
   17     -2.6758009324E-04  -2.1958654224E-04  -2.3785423667E-04  -3.4499516277E-04   5.9340553646E-05
   18     -2.0561701050E-02   3.7111490936E-04   2.1559759161E-04   1.1011075727E-04  -1.4084606414E-03
   19     -5.0165048496E-02   1.8448510862E-04   6.0472192650E-04   1.7743619048E-04  -3.0673052307E-03
   20      3.8409125516E-02  -2.7825377250E-04  -7.2314945418E-04  -6.2720004600E-04  -1.0444803557E-04
   21     -2.7825377250E-04   1.5834378371E-02   6.1779242016E-03  -2.4571769891E-02   1.7825970576E-05
   22     -7.2314945418E-04   6.1779242016E-03   1.6717705502E-02  -2.9058777455E-02  -1.6465558072E-03
   23     -6.2720004600E-04  -2.4571769891E-02  -2.9058777455E-02   1.1954370027E-01   6.5187169388E-04
   24     -1.0444803557E-04   1.7825970576E-05  -1.6465558072E-03   6.5187169388E-04   1.4601358305E-01
   25      5.6772908430E-04  -7.0665726921E-04   1.4020759808E-03  -1.0265194998E-03   2.5835224419E-02
   26     -1.2522053303E-03   9.0017236323E-04  -3.0867459691E-03   7.4029945660E-04   2.0380535254E-02
   27     -2.5598077697E-04   2.8566412298E-04  -2.0158330902E-04  -8.9474946078E-05  -4.4670460894E-02
   28     -1.9529745425E-03  -5.0397099840E-05   1.2544312219E-04   1.3932228591E-04   3.1762492775E-03
   29      1.2832674253E-03  -3.2343029228E-04   1.1088820175E-03  -1.3094302415E-04   2.2018661368E-02
   30      4.9830598981E-05   2.4821620136E-05   2.3961250752E-04  -7.3547704432E-05  -1.2008930828E-02
   31     -2.0729203890E-04   1.5903882440E-04  -3.3744138026E-04   1.6057411558E-04   3.4678037117E-03
   32      7.6858309020E-05  -1.7066148834E-04   5.6509245538E-04  -5.3470097121E-05   4.3056639753E-04
   33      3.1024832281E-04   8.2786448577E-05  -2.9761330156E-05  -5.4624051526E-05  -6.9445602138E-04
   34      3.6079685555E-04  -1.8240290675E-04  -3.4258677568E-05  -2.4091323203E-04  -1.5476596466E-05
   35      1.0422238258E-03  -3.6531765208E-04  -4.0449270608E-04  -4.3623521985E-04   1.1517461260E-04
   36      4.4644792915E-03  -4.2595138144E-04   1.8722232648E-04  -2.1816938703E-04  -4.4134211158E-04
   37      1.8844986813E-02   2.8094344604E-05  -1.4024059732E-03  -5.2475431802E-04   8.9574285709E-03
   38     -1.5962848186E-02  -4.6480805837E-05  -4.6494183196E-04   4.1923590077E-04   1.0437480729E-02
   39      1.5034059457E-03   1.1670696410E-04  -3.0551404976E-05   6.2845069978E-05   7.0839595582E-04
   40      3.2207570242E-03   5.3664479771E-07   2.3366318677E-04   1.0156044185E-04  -1.4846575104E-03
   41     -3.6005059642E-05  -3.3642666518E-06   9.1511243327E-05  -9.8421359197E-05  -2.2635287523E-03
   42      5.0892885760E-05   1.2689869321E-04  -7.4934645674E-05   5.5420110087E-05  -1.2752396410E-03
   43      5.1614966456E-03   7.6769177431E-06   3.0577878483E-04   1.1197709587E-04  -1.7718301697E-03
   44     -1.2675655476E-03  -7.8417715454E-05   1.9719052732E-04  -1.3396151306E-04  -2.5850863106E-03
   45      2.3672029700E-05  -7.4619122782E-05   2.8247135577E-04  -1.6078201170E-04  -7.0665644923E-02
   46     -4.4310335862E-04   1.9804475074E-04  -1.6449896591E-07   2.6542363754E-04  -4.7004053309E-02
   47      3.7132798790E-04  -2.5890086711E-04   5.9586079516E-04  -1.1103676962E-04  -2.9108070771E-02
                   25                 26                 27                 28                 29        
    0      6.8791410130E-04  -1.0727829089E-03  -1.1612395127E-03   1.5409904238E-03   8.7613495754E-04
    1     -3.0496929091E-03  -2.3816319886E-03  -3.8192043502E-04   1.6502414968E-03   6.5894356224E-04
    2     -2.7156435689E-03   6.3457032471E-03   9.9424559485E-04  -2.5307933639E-03  -2.3379074408E-03
    3      4.7469233193E-03  -5.5431614967E-03  -1.2931914400E-03   7.6861821443E-05   1.8050638994E-03
    4     -8.3992508219E-03   1.5091590273E-02   1.1875284299E-03  -9.7175903549E-04  -4.3616442988E-03
    5      4.1719138950E-03  -9.8685604182E-04   2.2762864447E-04  -6.1816017374E-04  -5.5986174507E-04
    6      8.1431842333E-03  -1.5250829148E-02   8.6913120978E-04  -5.5922916993E-04   2.3630039090E-03
    7     -1.7475643892E-02   1.5113142247E-02  -7.5393537600E-04   9.0246281603E-04   2.5129069154E-03
    8      1.7322846510E-02  -4.0765215485E-02   6.5995541380E-04   4.2383764006E-04  -5.2362438625E-03
    9     -1.1809304817E-03   1.8041220552E-03   2.6577001839E-04   3.9286478290E-05  -3.6105444278E-04
   10      8.6023548937E-04  -2.8633307946E-03   9.7574396548E-05   1.3747635922E-04   6.8466158511E-04
   11     -1.9467835317E-04  -1.1062982666E-03  -4.7537286451E-04   4.6085296176E-04   2.2936243715E-05
   12     -4.9226151272E-05  -5.5762191911E-04   2.2845412389E-04   7.5614896035E-07   6.2109011212E-05
   13      1.2277484680E-03  -3.3667678844E-03  -2.4398830937E-04   3.7141377132E-04   7.3461197303E-04
   14      5.5105556181E-04  -3.4648728525E-03  -2.9028680250E-04   5.6072577550E-04   1.0588379922E-03
   15     -1.5363162295E-04   1.0923828830E-04   2.2521086816E-04  -2.6267145559E-04  -1.5442967389E-04
   16      3.3514112319E-04   1.5547710961E-04   1.2548118560E-04  -4.2293633037E-04  -8.9647522950E-05
   17      4.3489284706E-04  -1.4951732752E-03  -2.2485109944E-04   4.4257695067E-04   4.6551573186E-04
   18     -4.7003970344E-04   5.6801884999E-04   7.0171503399E-04  -6.5469890772E-04  -6.3834927739E-04
   19     -1.0243087931E-03   4.1970319110E-03   1.0949855930E-03  -5.0514690420E-03  -1.4712692093E-03
   20      5.6772908430E-04  -1.2522053303E-03  -2.5598077697E-04  -1.9529745425E-03   1.2832674253E-03
   21     -7.0665726921E-04   9.0017236323E-04   2.8566412298E-04  -5.0397099840E-05  -3.2343029228E-04
   22      1.4020759808E-03  -3.0867459691E-03  -2.0158330902E-04   1.2544312219E-04   1.1088820175E-03
   23     -1.0265194998E-03   7.4029945660E-04  -8.9474946078E-05   1.3932228591E-04  -1.3094302415E-04
   24      2.5835224419E-02   2.0380535254E-02  -4.4670460894E-02   3.1762492775E-03   2.2018661368E-02
   25      2.0825966117E-01   3.7005330507E-02   3.9974950500E-03  -9.5688652772E-03  -4.7648977394E-03
   26      3.7005330507E-02   1.1448163551E-01   2.3198485595E-02  -3.7053791153E-03  -2.1660151473E-02
   27      3.9974950500E-03   2.3198485595E-02   5.8619328105E-02  -9.3963208334E-03  -3.4548240752E-02
   28     -9.5688652772E-03  -3.7053791153E-03  -9.3963208334E-03   3.3245089842E-02   3.3816770708E-02
   29     -4.7648977394E-03  -2.1660151473E-02  -3.4548240752E-02   3.3816770708E-02   7.8297483966E-02
   30      3.5516161176E-03   4.0561199654E-04  -8.2643057103E-04   4.7300247530E-03   3.3198627805E-03
   31     -1.2076041654E-01  -2.5642076867E-02   9.7531405086E-04  -8.3842978880E-04  -1.3770913660E-03
   32     -2.5171638254E-02  -1.6848605823E-02   1.6414494741E-03  -3.9620563711E-03  -1.5910995993E-03
   33      7.4028902998E-05   1.9621270375E-04   2.6070590879E-04  -3.2523944008E-04  -1.7332772912E-04
   34      5.4419730091E-04   4.0812657065E-04  -9.1222377206E-05  -4.0969849547E-04  -1.2215777168E-04
   35      5.5497826114E-04  -1.1613285730E-03  -1.5774331107E-04   3.7970099151E-04   4.7772590422E-04
   36      3.3535880958E-03   6.7063415933E-03  -8.6955150629E-03   2.7692845776E-03   3.1310791869E-03
   37     -1.8533781567E-04  -9.8640191619E-03   9.3343679601E-04  -2.2055827601E-02  -2.0994920654E-02
   38     -3.4082380044E-03  -1.0174667049E-02   2.1726837867E-03  -2.2771830771E-02  -4.3259100776E-02
   39     -4.3459216799E-04  -1.5446745372E-03  -1.3276709050E-03   7.0355643922E-04   1.8116133235E-03
   40     -1.2149223254E-04   1.9012819295E-03   3.5734208348E-03   1.5381134719E-04  -2.7715277114E-03
   41      6.1931110274E-04   1.5722222315E-03   5.3223324180E-03  -1.5435578055E-03  -2.6700390475E-03
   42     -3.8947396703E-04  -8.5602346792E-04   1.2598413143E-03  -1.9803079594E-04  -2.6685909656E-04
   43     -4.6522709229E-04   1.7784625465E-03  -8.3401465383E-04   1.2335172652E-03  -3.8130851436E-03
   44      8.6659750857E-04   2.0176633688E-03  -1.5948861964E-03  -1.8999711510E-04  -5.0299388289E-03
   45     -4.7008189304E-02  -2.9441411802E-02  -4.7413123198E-03  -1.5893534521E-03   1.0764947207E-03
   46     -5.1578824156E-02  -2.4743486475E-02  -8.3319808097E-05   1.4995295503E-03   2.5063609917E-04
   47     -2.4810044695E-02  -2.6242149646E-02   3.4217239300E-03   1.0497905022E-03   8.6951853298E-04
                   30                 31                 32                 33                 34        
    0     -7.1318387842E-04  -1.4696682130E-05   2.1021107744E-04  -1.1073764591E-01  -9.9564978447E-03
    1     -4.9151279780E-05   4.5936410361E-04   5.1793869554E-04  -9.9412588968E-03  -1.3236398364E-02
    2      1.4004705036E-04   5.4002524624E-04  -1.3568250691E-03  -3.8178397802E-02  -3.9174192511E-03
    3      2.9321039172E-05  -1.3257849690E-03   1.1863566206E-03  -9.7661267915E-05   9.4291970094E-04
    4     -1.2723241588E-03   2.1876248697E-03  -2.7309419910E-03   5.9306539475E-04   1.6398873553E-04
    5      3.1490469723E-04  -7.8944471222E-04   3.8254622666E-05   7.0036710449E-04   9.9944288864E-04
    6      4.1919164240E-04   1.6497296055E-03  -1.8914516849E-03   2.2714183543E-04  -2.5313139152E-04
    7      2.6671566509E-03  -4.0351634465E-03   5.6822146896E-03  -7.9667780190E-05  -7.2549883255E-05
    8     -5.0226362085E-04   1.1296222683E-03  -6.1187774343E-05   3.0289419424E-05  -2.3272745669E-04
    9     -7.4473456342E-05   2.5937333267E-04  -2.9905175791E-04   1.1279745867E-04  -3.8606518808E-04
   10      3.3395563265E-04  -3.3979218801E-04   5.0538029292E-04  -1.6503017494E-04   7.9315935328E-06
   11     -1.0804940696E-04   8.6919685836E-05   1.8973987967E-04  -2.9132164392E-04  -3.1925157518E-04
   12      2.4117883980E-04   1.5187764652E-04   1.0580028645E-04   3.2880798573E-04  -2.2230961320E-03
   13      1.8053431977E-04  -5.7635667830E-04   7.8796907092E-04  -3.8344730425E-04  -1.4525000587E-04
   14      2.1285517075E-04  -1.4685609627E-04   6.7887059171E-04  -8.1700306301E-04  -2.3808046913E-03
   15      1.6763666849E-04  -9.5727671266E-07  -2.4007937230E-05  -2.7868277060E-03   4.6667676757E-03
   16      1.1177354959E-04  -1.3948760649E-04  -4.9383298442E-05  -3.2649016242E-04   2.4625354720E-03
   17      1.1572740414E-06  -1.4835868467E-04   3.4399287904E-04  -2.0182168850E-03   1.7190671997E-03
   18      3.0262113053E-04   1.0475656767E-04  -6.5527102754E-05  -2.6244304321E-03  -4.1428323740E-03
   19      6.7213591737E-04   1.4202217467E-05  -1.0181109792E-03  -2.9726731526E-03  -2.1532697979E-03
   20      4.9830598981E-05  -2.0729203890E-04   7.6858309020E-05   3.1024832281E-04   3.6079685555E-04
   21      2.4821620136E-05   1.5903882440E-04  -1.7066148834E-04   8.2786448577E-05  -1.8240290675E-04
   22      2.3961250752E-04  -3.3744138026E-04   5.6509245538E-04  -2.9761330156E-05  -3.4258677568E-05
   23     -7.3547704432E-05   1.6057411558E-04  -5.3470097121E-05  -5.4624051526E-05  -2.4091323203E-04
   24     -1.2008930828E-02   3.4678037117E-03   4.3056639753E-04  -6.9445602138E-04  -1.5476596466E-05
   25      3.5516161176E-03  -1.2076041654E-01  -2.5171638254E-02   7.4028902998E-05   5.4419730091E-04
   26      4.0561199654E-04  -2.5642076867E-02  -1.6848605823E-02   1.9621270375E-04   4.0812657065E-04
   27     -8.2643057103E-04   9.7531405086E-04   1.6414494741E-03   2.6070590879E-04  -9.1222377206E-05
   28      4.7300247530E-03  -8.3842978880E-04  -3.9620563711E-03  -3.2523944008E-04  -4.0969849547E-04
   29      3.3198627805E-03  -1.3770913660E-03  -1.5910995993E-03  -1.7332772912E-04  -1.2215777168E-04
   30      1.0352127160E-02  -5.1038385857E-03  -7.5956601758E-04   1.6662987117E-04  -2.2286673914E-05
   31     -5.1038385857E-03   1.2643051077E-01   2.6790756003E-02  -1.0994431253E-05  -1.2201931267E-04
   32     -7.5956601758E-04   2.6790756003E-02   1.5287666469E-02  -2.5479443192E-05  -9.3326263908E-05
   33      1.6662987117E-04  -1.0994431253E-05  -2.5479443192E-05   1.1558663674E-01   1.1888767913E-02
   34     -2.2286673914E-05  -1.2201931267E-04  -9.3326263908E-05   1.1888767913E-02   1.2035817857E-02
   35     -9.8815800242E-06  -9.4148706372E-05   2.1100715746E-04   4.0955446151E-02   4.8159781543E-03
   36     -5.3437827936E-04  -5.8324162773E-04  -4.6480923853E-04  -1.6324567816E-04   4.2903064092E-05
   37     -1.4333285469E-03   2.9025346807E-04   1.3683709703E-03   2.4059212141E-03   2.0089708642E-03
   38     -2.3462545551E-03   1.3122774299E-03   2.0337755110E-03  -9.4277302791E-04  -1.2042691035E-03
   39     -5.2806244981E-05   8.6420564358E-05   1.7921664021E-04  -5.9993294588E-05  -2.5800775732E-04
   40      3.1649261860E-04  -1.0807527776E-05  -3.2902218618E-04  -4.8967901125E-04  -4.8279451176E-04
   41      4.6572815913E-04  -1.7940417224E-04  -3.0308331254E-04   1.8354357928E-04   2.2789271296E-04
   42      2.4636319623E-04   1.1830027372E-04  -9.9508051007E-06   1.4616817164E-04  -3.8574273260E-06
   43      2.2613632854E-04   1.8168080872E-05  -2.0227129435E-04  -2.8813791518E-04  -1.6631002683E-04
   44      3.5777969725E-04  -3.2015784439E-04  -2.9119194869E-04   1.4268086678E-04   1.9148174421E-04
   45      2.2603120906E-03   6.7225580211E-05  -4.3050293637E-05   2.5258589260E-04  -4.7718687307E-06
   46     -5.1488357356E-03  -2.2402090394E-03  -2.6607832308E-03   4.8886357971E-05  -4.0089274744E-04
   47     -1.4682592670E-03  -1.1155325680E-03   1.6452982052E-03  -1.6613801788E-05  -2.1092954428E-04
                   35                 36                 37                 38                 39        
    0     -3.8677946540E-02  -2.6216052258E-03  -6.6876699554E-03   1.7850205479E-03   4.7688707498E-04
    1     -4.1937710733E-03  -1.8795284107E-03  -1.0532258968E-02   3.9360792506E-03   1.4474899962E-03
    2     -2.5526805355E-02   1.5561785318E-03   1.0215590458E-02  -2.4267873163E-03  -1.1091703470E-03
    3      1.8219953198E-03   1.9344104887E-03   2.9532885963E-04  -2.0440160219E-04  -5.1666830424E-04
    4      2.5103693167E-03  -5.2257588944E-04   6.4384164237E-03   2.5373591707E-03   1.4001993570E-04
    5      2.0429547650E-03   2.7951652112E-04   2.7160619936E-03  -2.5768890676E-03  -2.6783198474E-04
    6     -2.5348093835E-05  -1.0001616939E-03  -1.1440076105E-04  -3.6281227949E-04   1.6010956928E-04
    7     -7.5464996072E-04   6.7368408913E-04  -2.9033804883E-03  -1.0280774079E-03  -1.5017610013E-04
    8      1.7964893233E-04  -1.3591042049E-03   2.9377831703E-03   1.8357390806E-03   2.5930167062E-04
    9     -6.7821371842E-04  -6.9341372993E-04  -2.1218711044E-04   4.0773083822E-04   1.9510029860E-04
   10     -6.5997081065E-04  -5.0629173649E-05  -1.3182377356E-03  -8.2503897372E-04  -1.3215864570E-05
   11     -3.3026165869E-04   9.6542437876E-05  -9.9612392794E-04   1.2254902517E-03   5.6219587208E-05
   12     -4.8506618150E-03  -5.6684077178E-04   1.2245843067E-04  -2.0072036848E-04   1.2044840415E-04
   13     -3.1097452457E-03   2.9544568952E-05  -7.4819764074E-04  -5.8767450879E-04  -2.8629213296E-05
   14     -4.0631931506E-03  -6.6218927074E-04  -4.2046901270E-03  -2.1426051498E-05   2.0253746849E-04
   15     -8.9960528835E-04   1.2978357215E-04   5.7381944486E-04  -2.7583962194E-04   2.3319894579E-05
   16     -1.0431872871E-04   1.1278581717E-03   2.7063018626E-03  -1.3898344702E-03  -2.4419406674E-04
   17      2.1672845930E-03  -7.7262680842E-04  -2.2155123105E-03   3.2508258154E-04   1.5499673043E-04
   18      2.5316039939E-03  -7.5344760721E-03  -8.0505869609E-03   4.5023227485E-03  -1.6697816697E-03
   19      2.2760288020E-03  -9.6955167672E-03  -4.8309635524E-02   2.0673260300E-02  -1.9649365252E-03
   20      1.0422238258E-03   4.4644792915E-03   1.8844986813E-02  -1.5962848186E-02   1.5034059457E-03
   21     -3.6531765208E-04  -4.2595138144E-04   2.8094344604E-05  -4.6480805837E-05   1.1670696410E-04
   22     -4.0449270608E-04   1.8722232648E-04  -1.4024059732E-03  -4.6494183196E-04  -3.0551404976E-05
   23     -4.3623521985E-04  -2.1816938703E-04  -5.2475431802E-04   4.1923590077E-04   6.2845069978E-05
   24      1.1517461260E-04  -4.4134211158E-04   8.9574285709E-03   1.0437480729E-02   7.0839595582E-04
   25      5.5497826114E-04   3.3535880958E-03  -1.8533781567E-04  -3.4082380044E-03  -4.3459216799E-04
   26     -1.1613285730E-03   6.7063415933E-03  -9.8640191619E-03  -1.0174667049E-02  -1.5446745372E-03
   27     -1.5774331107E-04  -8.6955150629E-03   9.3343679601E-04   2.1726837867E-03  -1.3276709050E-03
   28      3.7970099151E-04   2.7692845776E-03  -2.2055827601E-02  -2.2771830771E-02   7.0355643922E-04
   29      4.7772590422E-04   3.1310791869E-03  -2.0994920654E-02  -4.3259100776E-02   1.8116133235E-03
   30     -9.8815800242E-06  -5.3437827936E-04  -1.4333285469E-03  -2.3462545551E-03  -5.2806244981E-05
   31     -9.4148706372E-05  -5.8324162773E-04   2.9025346807E-04   1.3122774299E-03   8.6420564358E-05
   32      2.1100715746E-04  -4.6480923853E-04   1.3683709703E-03   2.0337755110E-03   1.7921664021E-04
   33      4.0955446151E-02  -1.6324567816E-04   2.4059212141E-03  -9.4277302791E-04  -5.9993294588E-05
   34      4.8159781543E-03   4.2903064092E-05   2.0089708642E-03  -1.2042691035E-03  -2.5800775732E-04
   35      2.4924806109E-02   5.6101733526E-05  -1.7249087444E-03   1.1441679468E-04   1.9042273662E-04
   36      5.6101733526E-05   2.1916032192E-01  -1.4096252681E-02   2.2658016783E-02  -1.2263881150E-01
   37     -1.7249087444E-03  -1.4096252681E-02   1.0566816240E-01  -1.4136044001E-02  -2.6336873983E-04
   38      1.1441679468E-04   2.2658016783E-02  -1.4136044001E-02   1.3943042118E-01   1.8349846066E-02
