
$orca_hessian_file

$act_atom
  0

$act_coord
  0

$act_energy
        0.000000

$multiplicity
  1

$hessian
48
                    0                  1                  2                  3                  4        
    0      2.1285312480E-01  -2.8409505522E-02   3.4477700861E-02   4.2136786712E-03  -6.7746348808E-04
    1     -2.8409505522E-02   1.4754415954E-01  -2.1617205312E-03  -2.7157041347E-03  -1.2087467682E-03
    2      3.4477700861E-02  -2.1617205312E-03   1.1599502517E-01  -8.7370454690E-03  -1.2804452592E-02
    3      4.2136786712E-03  -2.7157041347E-03  -8.7370454690E-03   1.7179206411E-01   3.6210262805E-03
    4     -6.7746348808E-04  -1.2087467682E-03  -1.2804452592E-02   3.6210262805E-03   1.0558694530E-01
    5     -2.7853899639E-03  -4.7103514500E-03  -1.0288072044E-02  -4.4363995821E-02  -2.0788703038E-02
    6     -1.4665331776E-03   3.2614659715E-04  -5.6802007109E-04  -1.8337712651E-02   1.8595004043E-02
    7      1.7706798883E-04  -4.5616504589E-04   4.8437068556E-03   2.0266984849E-02  -4.6395593124E-02
    8     -1.2464207148E-05   6.6875825940E-04  -1.6520337568E-03  -2.3223778111E-03   3.0407526190E-03
    9     -1.7207593661E-03   1.3585019700E-03   2.6188223486E-03  -9.9114202072E-02  -1.5105883012E-03
   10      1.9081966566E-04  -5.2106950493E-04   2.7058436527E-03  -1.7344472821E-03  -1.2321219565E-02
   11      1.0553103934E-03   1.5320825019E-03   4.3651067207E-04   4.7863868214E-02   1.1940458504E-03
   12     -9.7970067470E-03   3.1971613525E-03   7.0792898507E-03  -3.5016805401E-02  -1.8666722016E-02
   13      2.6296681137E-03  -2.0730246908E-02  -1.9535003709E-02  -1.8054549895E-02  -1.9198214185E-02
   14      4.8213991716E-03  -2.2048824462E-02  -4.5527718214E-02  -1.7480752150E-02  -1.2761227534E-02
   15     -6.9360586072E-02   5.5454989625E-02  -1.0741299210E-02  -2.0836525684E-03  -5.0582778519E-05
   16      5.5866312819E-02  -6.9384010555E-02   9.3278392146E-03   1.0591802876E-03   2.0153942510E-04
   17     -1.0966867470E-02   9.5529914493E-03  -1.4883412936E-02   1.9728422334E-03   2.6817040450E-03
   18     -1.8345427161E-02  -1.9857979394E-02   1.2145786611E-02  -2.0100690546E-03  -1.3570180115E-03
   19     -1.8171664103E-02  -3.6672103445E-02   1.7039768184E-02  -1.0736215735E-03  -4.2048006968E-03
   20      1.2469455174E-02   1.9600695294E-02  -1.9032155272E-02   1.3112169841E-03   3.2277539919E-03
   21     -1.2822275535E-03   8.0464903308E-04   1.6282896568E-03  -1.7866181504E-02  -5.2009600170E-03
   22     -3.8960470302E-04   3.5325784417E-04   1.8940075728E-03  -5.3370936309E-03  -1.9301834512E-02
   23     -4.0121600140E-05   1.5273509140E-03   2.1645196756E-03   2.1304333920E-02   2.7430056440E-02
   24      3.7407406483E-03   4.5818236366E-04  -1.0711741799E-03  -3.8665061964E-04   6.0090122947E-03
   25      9.0363903766E-04  -2.9109231048E-03  -2.9273139566E-03   4.6294236008E-03  -7.0910019042E-03
   26     -1.2044668816E-03  -2.7216227475E-03   7.7034999065E-03  -5.8179225662E-03   1.5740897305E-02
   27     -1.4971052538E-03  -3.9299210889E-04   1.2459006148E-03  -1.7707962586E-03   1.4322600412E-03
   28      1.5102042866E-03   1.3567086277E-03  -2.6021317419E-03   3.5611687024E-04  -1.4962844231E-03
   29      1.0866713399E-03   7.4042279904E-04  -3.0482760473E-03   1.6912458856E-03  -4.6179319139E-03
   30     -9.0670564746E-04   8.9663510810E-06   1.6394935761E-04  -2.0657188936E-04  -1.2699919666E-03
   31     -9.1019673588E-05   4.0210872212E-04   5.8190837294E-04  -1.2572467398E-03   1.8740495332E-03
   32      2.1490970266E-04   6.1559619921E-04  -1.6489017728E-03   1.2162184258E-03  -2.9709699869E-03
   33     -1.1311937801E-01  -9.0182492278E-03  -3.8931363903E-02  -3.1074752104E-04   5.8283806109E-04
   34     -9.0839105593E-03  -1.4385817118E-02  -3.5622849911E-03   9.2436235351E-04  -2.7972457444E-04
   35     -3.9442900848E-02  -3.8729691043E-03  -2.7133981370E-02   1.8220635199E-03   2.6155675662E-03
   36     -2.1006269599E-03  -1.5987152602E-03   1.6300857615E-03   2.5008966861E-03  -6.9377601147E-04
   37     -6.8651337673E-03  -8.8586296689E-03   1.0835312355E-02   5.1630129342E-05   7.8118320917E-03
   38      1.2540904746E-03   2.7850132416E-03  -8.1927022413E-04   4.2259166696E-04   2.7818267641E-03
   39      3.7371005832E-04   1.3156083183E-03  -1.1112414239E-03  -6.2483704982E-04   1.5292882903E-04
   40      1.1461408674E-03   2.1201082496E-03  -2.3859692699E-03  -1.2082126297E-05  -1.5129377901E-03
   41     -2.8801969353E-04  -1.0613173045E-03  -2.1852268139E-05  -1.4279563955E-04  -5.2790230315E-04
   42     -4.5744718515E-04  -2.7876160096E-05   1.6027716849E-04  -6.5338482760E-04   2.8063854093E-04
   43      2.1238882763E-03   1.7671038398E-03  -2.1593825772E-03  -2.2507273599E-05  -1.6509570617E-03
   44     -7.7961937614E-04  -1.1915615283E-03  -7.4363325383E-05   3.3706767792E-04  -8.6380476728E-04
   45     -1.1274510386E-03  -9.0477488469E-04   1.1786491748E-05  -1.2502804985E-04  -1.2469928772E-03
   46     -8.5784815751E-04   1.5842652993E-03   9.0980960011E-04  -7.0108433799E-04  -8.1305174433E-04
   47      1.3856845845E-04   7.4552002948E-04  -2.1695181959E-03   9.1957844148E-04  -3.3786629262E-03
                    5                  6                  7                  8                  9        
    0     -2.7853899639E-03  -1.4665331776E-03   1.7706798883E-04  -1.2464207148E-05  -1.7207593661E-03
    1     -4.7103514500E-03   3.2614659715E-04  -4.5616504589E-04   6.6875825940E-04   1.3585019700E-03
    2     -1.0288072044E-02  -5.6802007109E-04   4.8437068556E-03  -1.6520337568E-03   2.6188223486E-03
    3     -4.4363995821E-02  -1.8337712651E-02   2.0266984849E-02  -2.3223778111E-03  -9.9114202072E-02
    4     -2.0788703038E-02   1.8595004043E-02  -4.6395593124E-02   3.0407526190E-03  -1.5105883012E-03
    5      2.0365886506E-01  -2.8983225233E-03   6.2185958139E-03  -1.0907613138E-02   4.8056687458E-02
    6     -2.8983225233E-03   3.4374067752E-02  -3.4278124381E-02   2.2820042499E-02  -2.1154870111E-03
    7      6.2185958139E-03  -3.4278124381E-02   7.5501272961E-02  -2.8728869288E-02   1.6551609087E-03
    8     -1.0907613138E-02   2.2820042499E-02  -2.8728869288E-02   5.7324262496E-02   2.9780025296E-04
    9      4.8056687458E-02  -2.1154870111E-03   1.6551609087E-03   2.9780025296E-04   1.0473559561E-01
   10      1.0831576922E-03   5.7485854835E-03  -1.3303563259E-03  -1.7002443652E-05   9.8252941929E-04
   11     -4.1572190808E-02   3.2261271501E-04  -3.3021771507E-04   1.7636339740E-03  -5.0832933890E-02
   12     -1.8757431867E-02   1.3150595323E-03   9.7698738507E-05   6.4009198376E-04  -3.4885570260E-03
   13     -1.4387815760E-02  -1.4620104313E-03  -4.8509037133E-03  -9.7029505356E-04  -1.7491456867E-03
   14     -2.4874466690E-02  -4.5626802388E-05  -2.9095859204E-03   1.1848509339E-03  -4.6143648725E-04
   15     -1.2391906594E-05   4.2010245254E-04  -1.0801655953E-04   6.0638606724E-05   4.6285978008E-04
   16      1.4773246217E-03   4.3609236857E-05  -2.4820320300E-04  -1.8427810149E-04  -1.3084381329E-04
   17      1.5583153198E-03   2.9131628706E-04  -1.2796036698E-03   3.7187300996E-04  -1.4566890836E-04
   18     -4.2852570231E-04   2.9331552538E-04   3.4386976658E-04  -1.4300207990E-04   3.0934994171E-04
   19     -1.1207996945E-03  -3.0076940875E-04   1.6747091779E-03  -1.0752657615E-03   2.9940521007E-04
   20      1.3046267919E-03   2.5700123674E-04  -1.0028696283E-03   6.2890057469E-04  -4.9208748763E-04
   21      2.1158198511E-02   1.0637018184E-03   1.4762856165E-03  -2.2685984658E-03   1.1742556062E-03
   22      2.7824821152E-02   1.4101873760E-03  -2.9810095753E-03   6.2386971608E-03   1.5036043961E-05
   23     -1.1719745550E-01  -3.0787158407E-04   1.4776183632E-03  -7.8227386318E-04   7.7973450266E-04
   24     -1.6464937281E-03  -1.6050374381E-02   8.6457713243E-03  -1.6856888308E-02  -1.9832118888E-04
   25      3.7195144576E-03   8.0420789378E-03  -1.8187948212E-02   1.7113651560E-02  -1.0208000227E-03
   26      4.8618111661E-04  -1.4865333328E-02   1.4340909409E-02  -4.1686892298E-02   1.6990889162E-03
   27      3.4973090331E-04   1.1305096704E-03  -9.1394715889E-04   6.8489392399E-04   3.3895601439E-04
   28     -6.2034724922E-04  -6.7877609590E-04   1.2144333853E-03   3.2223582178E-04   4.2762764448E-05
   29     -9.9761010065E-04   2.4003111852E-03   2.6242157556E-03  -4.8665377089E-03  -3.8865673258E-04
   30      2.2604904500E-04   6.4552221389E-04   2.6133648238E-03  -4.0831240113E-04  -2.9406272749E-05
   31     -6.6443745768E-04   1.5717836131E-03  -3.5765947771E-03   9.8285967153E-04   2.3150860784E-04
   32     -2.3453602157E-04  -1.9576272301E-03   5.8043771226E-03   1.8061084838E-04  -2.8932265537E-04
   33      6.1901276836E-04   2.9990377665E-04  -8.1869920404E-05   4.8546256526E-05   1.8049015273E-04
   34      7.5398486018E-04  -3.4329004705E-04   6.0644577542E-05  -2.9264232261E-04  -3.8127046247E-04
   35      1.7492049704E-03   1.5639567394E-05  -8.1821539817E-04   3.0308586626E-04  -6.4746796122E-04
   36      2.9199331469E-04  -1.3196570171E-03   8.0529738341E-04  -1.4480599550E-03  -9.3160054466E-04
   37      3.0285758840E-03   1.4797645602E-04  -3.5995292318E-03   3.1704845951E-03  -1.9823865601E-04
   38     -2.6104798394E-03  -4.4420812982E-04  -1.0319155812E-03   1.4388005783E-03   2.9034816142E-04
   39     -2.4274817212E-04   2.3616698951E-04  -1.8081210959E-04   2.6640649541E-04   2.4690132178E-04
   40     -5.6503789169E-04  -9.0424076610E-05   6.6956935711E-04  -4.8166979771E-04   7.7424197304E-06
   41      4.7341253736E-04   2.9805138002E-04   1.3935274678E-04  -2.6872234566E-04   4.0369459045E-05
   42      7.7081143768E-05   4.9332972477E-04  -2.6225771923E-04   4.4833589561E-04   2.1387940425E-04
   43     -5.7021770383E-04  -1.1369264437E-04   7.9775442688E-04  -7.3472346012E-04   4.1611038200E-05
   44      1.5322104798E-04  -6.5388375556E-05   3.9457220720E-04  -7.9467761683E-04  -1.2676886940E-04
   45      3.6040902984E-04  -9.8191521743E-04  -2.5586325869E-04  -1.8076289941E-03  -6.3954345668E-05
   46     -6.7721375753E-04   1.3811050498E-03   1.7079193231E-03   9.4751757722E-04   3.5704452155E-04
   47     -7.0140269910E-04  -5.2520005175E-03   2.5771789097E-04  -2.2372675538E-03  -3.9715389916E-04
                   10                 11                 12                 13                 14        
    0      1.9081966566E-04   1.0553103934E-03  -9.7970067470E-03   2.6296681137E-03   4.8213991716E-03
    1     -5.2106950493E-04   1.5320825019E-03   3.1971613525E-03  -2.0730246908E-02  -2.2048824462E-02
    2      2.7058436527E-03   4.3651067207E-04   7.0792898507E-03  -1.9535003709E-02  -4.5527718214E-02
    3     -1.7344472821E-03   4.7863868214E-02  -3.5016805401E-02  -1.8054549895E-02  -1.7480752150E-02
    4     -1.2321219565E-02   1.1940458504E-03  -1.8666722016E-02  -1.9198214185E-02  -1.2761227534E-02
    5      1.0831576922E-03  -4.1572190808E-02  -1.8757431867E-02  -1.4387815760E-02  -2.4874466690E-02
    6      5.7485854835E-03   3.2261271501E-04   1.3150595323E-03  -1.4620104313E-03  -4.5626802388E-05
    7     -1.3303563259E-03  -3.3021771507E-04   9.7698738507E-05  -4.8509037133E-03  -2.9095859204E-03
    8     -1.7002443652E-05   1.7636339740E-03   6.4009198376E-04  -9.7029505356E-04   1.1848509339E-03
    9      9.8252941929E-04  -5.0832933890E-02  -3.4885570260E-03  -1.7491456867E-03  -4.6143648725E-04
   10      1.0656004541E-02  -1.2578996457E-03  -3.4884441210E-03   3.0859477950E-04  -2.4706818102E-04
   11     -1.2578996457E-03   3.9807880200E-02  -2.8710259258E-03  -6.8260978115E-04   1.6951622176E-03
   12     -3.4884441210E-03  -2.8710259258E-03   4.5166699994E-02   1.8206828904E-02   1.7119073337E-02
   13      3.0859477950E-04  -6.8260978115E-04   1.8206828904E-02   4.4199025018E-02   4.4505660448E-02
   14     -2.4706818102E-04   1.6951622176E-03   1.7119073337E-02   4.4505660448E-02   8.2225873790E-02
   15     -4.1605244298E-04  -1.9128105558E-04   1.0105573285E-03   1.6706868382E-03   1.0014207038E-03
   16     -1.7399665622E-04  -3.4467337225E-04   1.4933678772E-03  -1.9015512693E-03  -1.4609666057E-03
   17     -6.0413604415E-04   1.1835815374E-04   1.9961444900E-03  -5.6769661882E-03  -9.8059355260E-04
   18      2.5740982279E-04  -7.2989520133E-04   3.0189088579E-04   9.5934359192E-05   1.8208217033E-03
   19      1.1555099577E-03  -5.5033432879E-05   4.7520125183E-04   1.8450701090E-03   1.7812519729E-03
   20     -5.0353185940E-04  -9.4427482940E-04   9.4886866422E-04   1.6197740313E-03  -4.0601326339E-03
   21     -1.4563425758E-03   6.2718953786E-03   1.0739527190E-03  -5.6180926309E-04  -4.5193600373E-03
   22      2.6250982389E-03   1.8611994319E-04  -2.1411381306E-04   8.5210902720E-04  -3.8496787652E-03
   23      9.8610090997E-04  -9.7552991630E-04  -5.4865322427E-04  -7.1144887301E-04  -4.4966965778E-03
   24     -7.9286107656E-04   4.0287488385E-04  -1.5027081320E-03  -7.3174839404E-04  -1.0157026306E-03
   25      5.9721208287E-04  -5.4612769610E-05  -1.0310440179E-04   8.7423944297E-04   6.5110655867E-04
   26     -2.8696348116E-03  -1.7312017195E-03  -7.6425085786E-04  -3.5371495749E-03  -4.1879969634E-03
   27      1.9833894338E-04  -6.7570376716E-04   3.3423920636E-04  -3.1832077456E-04  -3.5157531145E-04
   28      1.6145601287E-04   6.3939022454E-04   5.0287162984E-06   5.1352291107E-04   6.3587411902E-04
   29      9.0084472710E-04   9.5928335036E-05   1.0098073486E-04   9.3476353599E-04   1.3643298939E-03
   30      3.7675818028E-04  -1.2368721064E-04   3.2107632351E-04   1.5663777154E-04   2.5878755351E-04
   31     -2.8414317879E-04   7.1040545757E-05   1.7320409153E-04  -5.1689389261E-04  -1.3370129316E-04
   32      5.3516068300E-04   3.0691855128E-04   1.5444694653E-04   8.6622310599E-04   8.4235796693E-04
   33     -1.6867771633E-04  -3.0898778420E-04   5.5548348927E-04  -3.0465808693E-04  -7.0284195258E-04
   34      1.3592795842E-04  -2.9862004027E-04  -2.1704220714E-03   2.0620789899E-04  -2.1606214352E-03
   35     -6.8497328834E-04  -1.9878145482E-04  -4.8641245730E-03  -2.9577412980E-03  -3.7200970278E-03
   36     -6.5695155651E-05   1.2916393028E-04  -7.8872970569E-04  -2.8836626743E-05  -6.7847270800E-04
   37     -1.8584156159E-03  -1.1860228931E-03  -3.9562830238E-05  -1.4250994662E-03  -4.4641499291E-03
   38     -1.0105481687E-03   1.2527732641E-03  -2.7680624633E-04  -6.8613433589E-04  -4.6052973619E-04
   39     -8.3412029745E-06   6.0786962684E-05   1.7953403602E-04  -2.9614100616E-06   1.9269853692E-04
   40      3.6625202190E-04   1.8319970579E-04  -7.7987425636E-05   2.9037322284E-04   8.5476939165E-04
   41      1.6584808260E-04  -1.6699393103E-04   1.8827703052E-04   2.1031772696E-04   4.0970365297E-05
   42      2.4348689183E-05  -1.3014013391E-04   1.9119718951E-04  -3.5125045858E-05   1.3718242232E-04
   43      3.5528541889E-04   2.3442503448E-04   9.6077089264E-05   2.9899246508E-04   8.8886104478E-04
   44      2.0526112036E-04  -1.7417957163E-04   3.1460480412E-05   2.6015526211E-04   6.8408280962E-05
   45      3.5165540784E-04  -2.4421171613E-04   1.4411630757E-04   4.8955097394E-04  -9.6930299683E-05
   46      1.2785983462E-04   1.6901801624E-04   1.0156473124E-03  -7.6522544051E-04   7.1786258443E-04
   47      6.1294540237E-04   2.8598686213E-04  -1.7502587198E-04   7.4870846924E-04   8.8627794651E-04
                   15                 16                 17                 18                 19        
    0     -6.9360586072E-02   5.5866312819E-02  -1.0966867470E-02  -1.8345427161E-02  -1.8171664103E-02
    1      5.5454989625E-02  -6.9384010555E-02   9.5529914493E-03  -1.9857979394E-02  -3.6672103445E-02
    2     -1.0741299210E-02   9.3278392146E-03  -1.4883412936E-02   1.2145786611E-02   1.7039768184E-02
    3     -2.0836525684E-03   1.0591802876E-03   1.9728422334E-03  -2.0100690546E-03  -1.0736215735E-03
    4     -5.0582778519E-05   2.0153942510E-04   2.6817040450E-03  -1.3570180115E-03  -4.2048006968E-03
    5     -1.2391906594E-05   1.4773246217E-03   1.5583153198E-03  -4.2852570231E-04  -1.1207996945E-03
    6      4.2010245254E-04   4.3609236857E-05   2.9131628706E-04   2.9331552538E-04  -3.0076940875E-04
    7     -1.0801655953E-04  -2.4820320300E-04  -1.2796036698E-03   3.4386976658E-04   1.6747091779E-03
    8      6.0638606724E-05  -1.8427810149E-04   3.7187300996E-04  -1.4300207990E-04  -1.0752657615E-03
    9      4.6285978008E-04  -1.3084381329E-04  -1.4566890836E-04   3.0934994171E-04   2.9940521007E-04
   10     -4.1605244298E-04  -1.7399665622E-04  -6.0413604415E-04   2.5740982279E-04   1.1555099577E-03
   11     -1.9128105558E-04  -3.4467337225E-04   1.1835815374E-04  -7.2989520133E-04  -5.5033432879E-05
   12      1.0105573285E-03   1.4933678772E-03   1.9961444900E-03   3.0189088579E-04   4.7520125183E-04
   13      1.6706868382E-03  -1.9015512693E-03  -5.6769661882E-03   9.5934359192E-05   1.8450701090E-03
   14      1.0014207038E-03  -1.4609666057E-03  -9.8059355260E-04   1.8208217033E-03   1.7812519729E-03
   15      6.9771721437E-02  -5.9797283085E-02   1.0473445426E-02   1.4940406091E-03  -1.7550765079E-03
   16     -5.9797283085E-02   7.2453310763E-02  -9.8665337158E-03   1.1330405727E-03  -5.0144155978E-03
   17      1.0473445426E-02  -9.8665337158E-03   1.1920628062E-02  -6.1442121302E-04   4.5495676123E-03
   18      1.4940406091E-03   1.1330405727E-03  -6.1442121302E-04   2.9044703362E-02   3.5910953178E-02
   19     -1.7550765079E-03  -5.0144155978E-03   4.5495676123E-03   3.5910953178E-02   1.0271717762E-01
   20      4.6872537280E-04   2.1908607939E-03  -6.1147505790E-05  -2.1056403066E-02  -4.9275446958E-02
   21      3.6985571896E-04  -1.1975780227E-04  -2.2337950066E-04   4.6257600605E-04   2.2878625963E-04
   22      1.2961144028E-04   3.3857179171E-05  -3.1800785970E-04   2.6808045139E-04   7.9684965639E-04
   23      6.1286254416E-05  -3.3429396285E-04  -3.0039554942E-04   8.7540251003E-05   1.8318042738E-04
   24     -7.7366113194E-04  -4.1888206868E-04   8.8898859487E-05  -1.8225319897E-03  -3.0772422122E-03
   25     -1.9188482259E-04   2.6574502063E-04   4.8464307325E-04  -5.2217150019E-04  -1.4485612705E-03
   26      8.9109816054E-05   1.8711618755E-04  -1.8577655045E-03   7.9296270805E-04   4.7532335672E-03
   27      3.0115219985E-04   1.3572393216E-04  -2.8827811901E-04   8.9495005698E-04   1.1877509881E-03
   28     -2.8075412743E-04  -3.5306183910E-04   4.8046138134E-04  -6.5412051469E-04  -4.5251542617E-03
   29     -1.8265684390E-04  -8.8830048690E-05   6.3287324631E-04  -8.4851534670E-04  -1.6326877240E-03
   30      2.1778224377E-04   1.1115297244E-04   8.5567393447E-07   3.9896866594E-04   7.0198697805E-04
   31      1.1028317713E-05  -1.2233903428E-04  -1.6224251934E-04   1.4057148071E-04   1.4990160333E-04
   32     -1.6011497629E-05  -5.6046837354E-05   4.2983545906E-04  -9.7553869087E-05  -1.1409555630E-03
   33     -2.2990556886E-03  -3.4046036850E-04  -2.0153701180E-03  -2.4580865794E-03  -2.8464330935E-03
   34      4.7580183604E-03   2.8811237221E-03   1.8221892603E-03  -4.0286743095E-03  -1.6605713352E-03
   35     -8.9316596897E-04  -9.1034442537E-05   2.5128864503E-03   2.6036219348E-03   2.3142205830E-03
   36      2.6463537762E-05   1.0370431335E-03  -7.6605823821E-04  -8.4682296871E-03  -1.0600062715E-02
   37      6.8134799748E-04   2.4135466279E-03  -2.4813718357E-03  -8.5699608895E-03  -4.9496633617E-02
   38     -2.5682189292E-04  -1.2033114092E-03   3.3639142961E-05   5.1346251315E-03   2.1103964720E-02
   39      5.1146201980E-05  -2.2216925129E-04   1.5296654266E-04  -1.5284088302E-03  -1.8376573243E-03
   40     -1.4089506857E-04  -3.1784121187E-04   4.0094215015E-04  -5.3727784172E-03  -2.4150520534E-03
   41      3.8786964791E-05   2.1557438863E-04   7.2787524607E-05   2.1761734028E-03   1.4458557651E-03
   42      1.5486707290E-04  -6.0976330029E-05   2.5622269846E-05   1.3005324733E-03   1.0133374160E-04
   43     -2.2929432726E-04  -5.0134369663E-04   5.5990812929E-04   1.5046729131E-03  -3.1759749627E-03
   44      1.0733440280E-04   2.8183997374E-04  -1.5916105685E-05  -8.9698151932E-04   2.0689534345E-03
   45      2.3640687791E-04   2.1114087331E-04   1.6982616324E-05   1.3242577509E-04   7.5748781469E-04
   46      2.6395815547E-04  -2.3235967428E-04  -1.4276309161E-04   7.0779200882E-04   2.7404911882E-04
   47     -6.1500028702E-06  -5.1368860876E-05   4.4803478488E-04   5.3585167779E-05  -9.3935096493E-04
                   20                 21                 22                 23                 24        
    0      1.2469455174E-02  -1.2822275535E-03  -3.8960470302E-04  -4.0121600140E-05   3.7407406483E-03
    1      1.9600695294E-02   8.0464903308E-04   3.5325784417E-04   1.5273509140E-03   4.5818236366E-04
    2     -1.9032155272E-02   1.6282896568E-03   1.8940075728E-03   2.1645196756E-03  -1.0711741799E-03
    3      1.3112169841E-03  -1.7866181504E-02  -5.3370936309E-03   2.1304333920E-02  -3.8665061964E-04
    4      3.2277539919E-03  -5.2009600170E-03  -1.9301834512E-02   2.7430056440E-02   6.0090122947E-03
    5      1.3046267919E-03   2.1158198511E-02   2.7824821152E-02  -1.1719745550E-01  -1.6464937281E-03
    6      2.5700123674E-04   1.0637018184E-03   1.4101873760E-03  -3.0787158407E-04  -1.6050374381E-02
    7     -1.0028696283E-03   1.4762856165E-03  -2.9810095753E-03   1.4776183632E-03   8.6457713243E-03
    8      6.2890057469E-04  -2.2685984658E-03   6.2386971608E-03  -7.8227386318E-04  -1.6856888308E-02
    9     -4.9208748763E-04   1.1742556062E-03   1.5036043961E-05   7.7973450266E-04  -1.9832118888E-04
   10     -5.0353185940E-04  -1.4563425758E-03   2.6250982389E-03   9.8610090997E-04  -7.9286107656E-04
   11     -9.4427482940E-04   6.2718953786E-03   1.8611994319E-04  -9.7552991630E-04   4.0287488385E-04
   12      9.4886866422E-04   1.0739527190E-03  -2.1411381306E-04  -5.4865322427E-04  -1.5027081320E-03
   13      1.6197740313E-03  -5.6180926309E-04   8.5210902720E-04  -7.1144887301E-04  -7.3174839404E-04
   14     -4.0601326339E-03  -4.5193600373E-03  -3.8496787652E-03  -4.4966965778E-03  -1.0157026306E-03
   15      4.6872537280E-04   3.6985571896E-04   1.2961144028E-04   6.1286254416E-05  -7.7366113194E-04
   16      2.1908607939E-03  -1.1975780227E-04   3.3857179171E-05  -3.3429396285E-04  -4.1888206868E-04
   17     -6.1147505790E-05  -2.2337950066E-04  -3.1800785970E-04  -3.0039554942E-04   8.8898859487E-05
   18     -2.1056403066E-02   4.6257600605E-04   2.6808045139E-04   8.7540251003E-05  -1.8225319897E-03
   19     -4.9275446958E-02   2.2878625963E-04   7.9684965639E-04   1.8318042738E-04  -3.0772422122E-03
   20      3.8324510909E-02  -2.3184535217E-04  -8.1249834682E-04  -5.6359458350E-04   1.8493921490E-04
   21     -2.3184535217E-04   1.4923343467E-02   5.3813835966E-03  -2.1432558344E-02  -2.2501598182E-04
   22     -8.1249834682E-04   5.3813835966E-03   1.7375834720E-02  -2.9708086038E-02  -1.5397094973E-03
   23     -5.6359458350E-04  -2.1432558344E-02  -2.9708086038E-02   1.2202813512E-01   5.4530256687E-04
   24      1.8493921490E-04  -2.2501598182E-04  -1.5397094973E-03   5.4530256687E-04   1.4893402550E-01
   25      6.6362183108E-04  -7.2161670588E-04   1.2200994594E-03  -8.7732910479E-04   2.4504762772E-02
   26     -1.9672182786E-03   1.0421322978E-03  -3.2844411358E-03   3.9972345951E-04   1.9319312583E-02
   27     -4.8736455137E-04   3.9296695613E-04  -2.5566500364E-04  -1.3282279299E-04  -4.6949176209E-02
   28     -1.9184651730E-03  -1.0431505434E-04   2.0553868611E-04   1.6287318664E-04   2.8049227941E-03
   29      1.7619402677E-03  -3.4178409146E-04   1.1989360771E-03  -3.3986275758E-05   2.2165507150E-02
   30      5.0464475204E-07   7.1757866510E-05   2.3038892507E-04  -5.7104237973E-05  -1.3464469357E-02
   31     -2.3476606745E-04   1.5479272033E-04  -2.7961162443E-04   1.3933640779E-04   5.5842870329E-03
   32      1.9534633056E-04  -1.8783872661E-04   6.1176096205E-04   1.8118565345E-05   8.5541491303E-04
   33      2.1577454513E-04   1.3449996545E-04  -2.2739243191E-05  -4.2206815573E-05  -8.5236893632E-04
   34      1.9563751871E-04  -1.8136400463E-04   3.2850253648E-05  -2.0974627137E-04   1.6323268687E-04
   35      1.3001924535E-03  -3.9090924037E-04  -4.5034057350E-04  -3.7993465131E-04   2.0626803241E-04
   36      4.9025064644E-03  -5.8603080536E-04   2.1678517535E-04  -1.8985533780E-04   3.2259239254E-04
   37      1.8493552399E-02   8.7084560849E-05  -1.7035586843E-03  -5.9256377376E-04   9.2600189214E-03
   38     -1.6945817990E-02  -1.5798159375E-04  -4.9906415166E-04   3.8367131181E-04   1.0075368150E-02
   39      1.4149109972E-03   1.4958359865E-04  -3.5059058133E-05   5.8529886066E-05   4.8385433859E-04
   40      3.1617580179E-03  -1.7416599176E-05   2.9727977426E-04   1.2073143546E-04  -1.5493386704E-03
   41      3.4430819094E-04   4.3895534589E-05   9.7878510007E-05  -1.0310114119E-04  -2.2329321525E-03
   42      9.9761401481E-05   1.7271192316E-04  -9.4943383757E-05   5.2636884807E-05  -1.6197441984E-03
   43      5.1791149840E-03  -2.3942400949E-06   3.8294563353E-04   1.2847225412E-04  -1.8751391057E-03
   44     -8.3447903023E-04  -7.4851498374E-05   2.2425518202E-04  -1.1582910856E-04  -2.3990452119E-03
   45     -5.7831552585E-06  -2.9749800879E-05   2.3749645044E-04  -1.3822350775E-04  -6.9636190757E-02
   46     -5.8564699743E-04   2.3295334921E-04   9.0293923116E-05   2.7771801691E-04  -4.7441529710E-02
   47      5.4899460531E-04  -3.1525134844E-04   6.4566997993E-04  -4.5370965383E-05  -2.8622903957E-02
                   25                 26                 27                 28                 29        
    0      9.0363903766E-04  -1.2044668816E-03  -1.4971052538E-03   1.5102042866E-03   1.0866713399E-03
    1     -2.9109231048E-03  -2.7216227475E-03  -3.9299210889E-04   1.3567086277E-03   7.4042279904E-04
    2     -2.9273139566E-03   7.7034999065E-03   1.2459006148E-03  -2.6021317419E-03  -3.0482760473E-03
    3      4.6294236008E-03  -5.8179225662E-03  -1.7707962586E-03   3.5611687024E-04   1.6912458856E-03
    4     -7.0910019042E-03   1.5740897305E-02   1.4322600412E-03  -1.4962844231E-03  -4.6179319139E-03
    5      3.7195144576E-03   4.8618111661E-04   3.4973090331E-04  -6.2034724922E-04  -9.9761010065E-04
    6      8.0420789378E-03  -1.4865333328E-02   1.1305096704E-03  -6.7877609590E-04   2.4003111852E-03
    7     -1.8187948212E-02   1.4340909409E-02  -9.1394715889E-04   1.2144333853E-03   2.6242157556E-03
    8      1.7113651560E-02  -4.1686892298E-02   6.8489392399E-04   3.2223582178E-04  -4.8665377089E-03
    9     -1.0208000227E-03   1.6990889162E-03   3.3895601439E-04   4.2762764448E-05  -3.8865673258E-04
   10      5.9721208287E-04  -2.8696348116E-03   1.9833894338E-04   1.6145601287E-04   9.0084472710E-04
   11     -5.4612769610E-05  -1.7312017195E-03  -6.7570376716E-04   6.3939022454E-04   9.5928335036E-05
   12     -1.0310440179E-04  -7.6425085786E-04   3.3423920636E-04   5.0287162984E-06   1.0098073486E-04
   13      8.7423944297E-04  -3.5371495749E-03  -3.1832077456E-04   5.1352291107E-04   9.3476353599E-04
   14      6.5110655867E-04  -4.1879969634E-03  -3.5157531145E-04   6.3587411902E-04   1.3643298939E-03
   15     -1.9188482259E-04   8.9109816054E-05   3.0115219985E-04  -2.8075412743E-04  -1.8265684390E-04
   16      2.6574502063E-04   1.8711618755E-04   1.3572393216E-04  -3.5306183910E-04  -8.8830048690E-05
   17      4.8464307325E-04  -1.8577655045E-03  -2.8827811901E-04   4.8046138134E-04   6.3287324631E-04
   18     -5.2217150019E-04   7.9296270805E-04   8.9495005698E-04  -6.5412051469E-04  -8.4851534670E-04
   19     -1.4485612705E-03   4.7532335672E-03   1.1877509881E-03  -4.5251542617E-03  -1.6326877240E-03
   20      6.6362183108E-04  -1.9672182786E-03  -4.8736455137E-04  -1.9184651730E-03   1.7619402677E-03
   21     -7.2161670588E-04   1.0421322978E-03   3.9296695613E-04  -1.0431505434E-04  -3.4178409146E-04
   22      1.2200994594E-03  -3.2844411358E-03  -2.5566500364E-04   2.0553868611E-04   1.1989360771E-03
   23     -8.7732910479E-04   3.9972345951E-04  -1.3282279299E-04   1.6287318664E-04  -3.3986275758E-05
   24      2.4504762772E-02   1.9319312583E-02  -4.6949176209E-02   2.8049227941E-03   2.2165507150E-02
   25      2.1547905041E-01   3.8123560457E-02   3.9513244698E-03  -1.0619304202E-02  -5.0760501261E-03
   26      3.8123560457E-02   1.1704558176E-01   2.3265282129E-02  -3.5665448483E-03  -2.1929463218E-02
   27      3.9513244698E-03   2.3265282129E-02   6.0544800909E-02  -9.1092316150E-03  -3.4367086677E-02
   28     -1.0619304202E-02  -3.5665448483E-03  -9.1092316150E-03   3.3081463120E-02   3.2994843782E-02
   29     -5.0760501261E-03  -2.1929463218E-02  -3.4367086677E-02   3.2994843782E-02   7.7614995293E-02
   30      5.6264327313E-03   8.3504963706E-04  -6.8713433866E-04   4.9270196106E-03   3.2889150890E-03
   31     -1.2294235949E-01  -2.5399742493E-02   9.0162248317E-04  -4.7251850039E-04  -1.1607488275E-03
   32     -2.4914200843E-02  -1.7901166622E-02   1.5982886287E-03  -3.9311797008E-03  -1.2312636927E-03
   33      2.4065143989E-05   2.2025496510E-04   3.4171277283E-04  -3.1233985252E-04  -2.2648362532E-04
   34      5.3101751421E-04   5.5388974485E-04  -1.4078877676E-04  -3.6177690741E-04  -1.3012947967E-04
   35      6.2242164594E-04  -1.4477355010E-03  -2.1689100611E-04   4.2237855795E-04   6.4718322354E-04
   36      3.3434028445E-03   7.2122703845E-03  -9.5673861876E-03   2.9057619582E-03   3.4616533690E-03
   37      7.7610089106E-04  -1.0741691721E-02   7.4757628832E-04  -2.2284871907E-02  -2.0492889329E-02
   38     -2.8849028716E-03  -8.3959749339E-03   2.6169579912E-03  -2.2738786499E-02  -4.4388072943E-02
   39     -3.5009967880E-04  -1.5320768359E-03  -1.0830826833E-03   6.4621791823E-04   1.6576772453E-03
   40     -3.3318111178E-04   2.0886051875E-03   3.6224208512E-03   3.2786002923E-04  -2.7218414150E-03
   41      4.9935075679E-04   1.1226643419E-03   5.2899086681E-03  -1.4749950846E-03  -2.2116888584E-03
   42     -4.5481853053E-04  -1.1261813718E-03   1.5578649758E-03  -2.5341012087E-04  -2.7493083570E-04
   43     -7.9210494605E-04   2.1803725832E-03  -8.3995041102E-04   1.5206542334E-03  -3.8914122898E-03
   44      7.9293262889E-04   1.7866923344E-03  -1.6993415701E-03  -2.2727807838E-05  -4.6866275190E-03
   45     -4.7664373330E-02  -2.9163977780E-02  -4.2824718301E-03  -1.8037032501E-03   7.7548495071E-04
   46     -5.5418080581E-02  -2.5850570490E-02  -2.0750643653E-04   1.7313350345E-03   4.2018948143E-04
   47     -2.5933579917E-02  -2.7438927877E-02   3.1697681384E-03   1.2154260260E-03   1.2762761036E-03
                   30                 31                 32                 33                 34        
    0     -9.0670564746E-04  -9.1019673588E-05   2.1490970266E-04  -1.1311937801E-01  -9.0839105593E-03
    1      8.9663510810E-06   4.0210872212E-04   6.1559619921E-04  -9.0182492278E-03  -1.4385817118E-02
    2      1.6394935761E-04   5.8190837294E-04  -1.6489017728E-03  -3.8931363903E-02  -3.5622849911E-03
    3     -2.0657188936E-04  -1.2572467398E-03   1.2162184258E-03  -3.1074752104E-04   9.2436235351E-04
    4     -1.2699919666E-03   1.8740495332E-03  -2.9709699869E-03   5.8283806109E-04  -2.7972457444E-04
    5      2.2604904500E-04  -6.6443745768E-04  -2.3453602157E-04   6.1901276836E-04   7.5398486018E-04
    6      6.4552221389E-04   1.5717836131E-03  -1.9576272301E-03   2.9990377665E-04  -3.4329004705E-04
    7      2.6133648238E-03  -3.5765947771E-03   5.8043771226E-03  -8.1869920404E-05   6.0644577542E-05
    8     -4.0831240113E-04   9.8285967153E-04   1.8061084838E-04   4.8546256526E-05  -2.9264232261E-04
    9     -2.9406272749E-05   2.3150860784E-04  -2.8932265537E-04   1.8049015273E-04  -3.8127046247E-04
   10      3.7675818028E-04  -2.8414317879E-04   5.3516068300E-04  -1.6867771633E-04   1.3592795842E-04
   11     -1.2368721064E-04   7.1040545757E-05   3.0691855128E-04  -3.0898778420E-04  -2.9862004027E-04
   12      3.2107632351E-04   1.7320409153E-04   1.5444694653E-04   5.5548348927E-04  -2.1704220714E-03
   13      1.5663777154E-04  -5.1689389261E-04   8.6622310599E-04  -3.0465808693E-04   2.0620789899E-04
   14      2.5878755351E-04  -1.3370129316E-04   8.4235796693E-04  -7.0284195258E-04  -2.1606214352E-03
   15      2.1778224377E-04   1.1028317713E-05  -1.6011497629E-05  -2.2990556886E-03   4.7580183604E-03
   16      1.1115297244E-04  -1.2233903428E-04  -5.6046837354E-05  -3.4046036850E-04   2.8811237221E-03
   17      8.5567393447E-07  -1.6224251934E-04   4.2983545906E-04  -2.0153701180E-03   1.8221892603E-03
   18      3.9896866594E-04   1.4057148071E-04  -9.7553869087E-05  -2.4580865794E-03  -4.0286743095E-03
   19      7.0198697805E-04   1.4990160333E-04  -1.1409555630E-03  -2.8464330935E-03  -1.6605713352E-03
   20      5.0464475204E-07  -2.3476606745E-04   1.9534633056E-04   2.1577454513E-04   1.9563751871E-04
   21      7.1757866510E-05   1.5479272033E-04  -1.8783872661E-04   1.3449996545E-04  -1.8136400463E-04
   22      2.3038892507E-04  -2.7961162443E-04   6.1176096205E-04  -2.2739243191E-05   3.2850253648E-05
   23     -5.7104237973E-05   1.3933640779E-04   1.8118565345E-05  -4.2206815573E-05  -2.0974627137E-04
   24     -1.3464469357E-02   5.5842870329E-03   8.5541491303E-04  -8.5236893632E-04   1.6323268687E-04
   25      5.6264327313E-03  -1.2294235949E-01  -2.4914200843E-02   2.4065143989E-05   5.3101751421E-04
   26      8.3504963706E-04  -2.5399742493E-02  -1.7901166622E-02   2.2025496510E-04   5.5388974485E-04
   27     -6.8713433866E-04   9.0162248317E-04   1.5982886287E-03   3.4171277283E-04  -1.4078877676E-04
   28      4.9270196106E-03  -4.7251850039E-04  -3.9311797008E-03  -3.1233985252E-04  -3.6177690741E-04
   29      3.2889150890E-03  -1.1607488275E-03  -1.2312636927E-03  -2.2648362532E-04  -1.3012947967E-04
   30      1.1061319622E-02  -7.2522138884E-03  -1.2051886383E-03   2.1331707535E-04  -7.5877690119E-05
   31     -7.2522138884E-03   1.2773829373E-01   2.6512070248E-02   7.0657953501E-06  -1.3954741460E-04
   32     -1.2051886383E-03   2.6512070248E-02   1.5538780282E-02  -2.3900071688E-05  -1.3500999918E-04
   33      2.1331707535E-04   7.0657953501E-06  -2.3900071688E-05   1.1709610464E-01   1.0794483357E-02
   34     -7.5877690119E-05  -1.3954741460E-04  -1.3500999918E-04   1.0794483357E-02   1.2293025514E-02
   35     -2.5921963864E-05  -1.0841774764E-04   2.6624522040E-04   4.1683396043E-02   4.3910390601E-03
   36     -7.4929176797E-04  -5.8290011240E-04  -4.9692423136E-04  -2.4950020204E-04   1.0494495791E-04
   37     -1.5954303770E-03  -1.3433670727E-05   1.5599982954E-03   2.4296028946E-03   1.7118991855E-03
   38     -2.3387259541E-03   1.1005662648E-03   1.7699050210E-03  -7.6516105522E-04  -1.0497052411E-03
   39     -4.9569480516E-06   7.3354186692E-05   1.7908075328E-04  -2.7897937344E-05  -2.5067304843E-04
   40      3.4619052993E-04   4.8855334989E-05  -3.6993300165E-04  -5.0677600872E-04  -4.2292302818E-04
   41      4.7668115833E-04  -1.5156776378E-04  -2.4843301020E-04   1.5712583550E-04   2.0421109270E-04
   42      3.2560458245E-04   1.3471490856E-04   8.6388800552E-06   1.7591171064E-04  -4.1703009647E-05
   43      2.5083411249E-04   9.7955914298E-05  -2.7803230357E-04  -2.9969846278E-04  -1.4659427147E-04
   44      3.3341131629E-04  -3.0156917239E-04  -2.4132994761E-04   1.1046635626E-04   1.8949627193E-04
   45      2.7931876274E-03   1.9953370567E-04   4.7334167546E-05   3.1961129992E-04  -4.6780821702E-05
   46     -5.1563055936E-03  -1.9637232569E-03  -2.7091026309E-03   6.3559813582E-05  -4.5574197501E-04
   47     -1.4252285670E-03  -1.0703439188E-03   1.9575128226E-03  -3.7840394854E-05  -2.7153578289E-04
                   35                 36                 37                 38                 39        
    0     -3.9442900848E-02  -2.1006269599E-03  -6.8651337673E-03   1.2540904746E-03   3.7371005832E-04
    1     -3.8729691043E-03  -1.5987152602E-03  -8.8586296689E-03   2.7850132416E-03   1.3156083183E-03
    2     -2.7133981370E-02   1.6300857615E-03   1.0835312355E-02  -8.1927022413E-04  -1.1112414239E-03
    3      1.8220635199E-03   2.5008966861E-03   5.1630129342E-05   4.2259166696E-04  -6.2483704982E-04
    4      2.6155675662E-03  -6.9377601147E-04   7.8118320917E-03   2.7818267641E-03   1.5292882903E-04
    5      1.7492049704E-03   2.9199331469E-04   3.0285758840E-03  -2.6104798394E-03  -2.4274817212E-04
    6      1.5639567394E-05  -1.3196570171E-03   1.4797645602E-04  -4.4420812982E-04   2.3616698951E-04
    7     -8.1821539817E-04   8.0529738341E-04  -3.5995292318E-03  -1.0319155812E-03  -1.8081210959E-04
    8      3.0308586626E-04  -1.4480599550E-03   3.1704845951E-03   1.4388005783E-03   2.6640649541E-04
    9     -6.4746796122E-04  -9.3160054466E-04  -1.9823865601E-04   2.9034816142E-04   2.4690132178E-04
   10     -6.8497328834E-04  -6.5695155651E-05  -1.8584156159E-03  -1.0105481687E-03  -8.3412029745E-06
   11     -1.9878145482E-04   1.2916393028E-04  -1.1860228931E-03   1.2527732641E-03   6.0786962684E-05
   12     -4.8641245730E-03  -7.8872970569E-04  -3.9562830238E-05  -2.7680624633E-04   1.7953403602E-04
   13     -2.9577412980E-03  -2.8836626743E-05  -1.4250994662E-03  -6.8613433589E-04  -2.9614100616E-06
   14     -3.7200970278E-03  -6.7847270800E-04  -4.4641499291E-03  -4.6052973619E-04   1.9269853692E-04
   15     -8.9316596897E-04   2.6463537762E-05   6.8134799748E-04  -2.5682189292E-04   5.1146201980E-05
   16     -9.1034442537E-05   1.0370431335E-03   2.4135466279E-03  -1.2033114092E-03  -2.2216925129E-04
   17      2.5128864503E-03  -7.6605823821E-04  -2.4813718357E-03   3.3639142961E-05   1.5296654266E-04
   18      2.6036219348E-03  -8.4682296871E-03  -8.5699608895E-03   5.1346251315E-03  -1.5284088302E-03
   19      2.3142205830E-03  -1.0600062715E-02  -4.9496633617E-02   2.1103964720E-02  -1.8376573243E-03
   20      1.3001924535E-03   4.9025064644E-03   1.8493552399E-02  -1.6945817990E-02   1.4149109972E-03
   21     -3.9090924037E-04  -5.8603080536E-04   8.7084560849E-05  -1.5798159375E-04   1.4958359865E-04
   22     -4.5034057350E-04   2.1678517535E-04  -1.7035586843E-03  -4.9906415166E-04  -3.5059058133E-05
   23     -3.7993465131E-04  -1.8985533780E-04  -5.9256377376E-04   3.8367131181E-04   5.8529886066E-05
   24      2.0626803241E-04   3.2259239254E-04   9.2600189214E-03   1.0075368150E-02   4.8385433859E-04
   25      6.2242164594E-04   3.3434028445E-03   7.7610089106E-04  -2.8849028716E-03  -3.5009967880E-04
   26     -1.4477355010E-03   7.2122703845E-03  -1.0741691721E-02  -8.3959749339E-03  -1.5320768359E-03
   27     -2.1689100611E-04  -9.5673861876E-03   7.4757628832E-04   2.6169579912E-03  -1.0830826833E-03
   28      4.2237855795E-04   2.9057619582E-03  -2.2284871907E-02  -2.2738786499E-02   6.4621791823E-04
   29      6.4718322354E-04   3.4616533690E-03  -2.0492889329E-02  -4.4388072943E-02   1.6576772453E-03
   30     -2.5921963864E-05  -7.4929176797E-04  -1.5954303770E-03  -2.3387259541E-03  -4.9569480516E-06
   31     -1.0841774764E-04  -5.8290011240E-04  -1.3433670727E-05   1.1005662648E-03   7.3354186692E-05
   32      2.6624522040E-04  -4.9692423136E-04   1.5599982954E-03   1.7699050210E-03   1.7908075328E-04
   33      4.1683396043E-02  -2.4950020204E-04   2.4296028946E-03  -7.6516105522E-04  -2.7897937344E-05
   34      4.3910390601E-03   1.0494495791E-04   1.7118991855E-03  -1.0497052411E-03  -2.5067304843E-04
   35      2.5699969951E-02  -4.3889552624E-05  -1.9924311937E-03  -2.0078207812E-04   2.0451452770E-04
   36     -4.3889552624E-05   2.2446283988E-01  -1.5486242238E-02   2.2480691333E-02  -1.2547783831E-01
   37     -1.9924311937E-03  -1.5486242238E-02   1.1003540525E-01  -1.4934753718E-02   5.0355412888E-04
   38     -2.0078207812E-04   2.2480691333E-02  -1.4934753718E-02   1.4333554849E-01   1.7526349236E-02
