
$orca_hessian_file

$act_atom
  0

$act_coord
  0

$act_energy
        0.000000

$multiplicity
  1

$hessian
12
                    0                  1                  2                  3                  4        
    0      1.1328586345E-01   4.4238089354E-02   6.8719299913E-02  -4.5709932517E-02   6.7597084695E-03
    1      4.4238089354E-02   1.9991838197E-01  -2.9338015291E-02   6.7687475153E-03  -1.9599593013E-02
    2      6.8719299913E-02  -2.9338015291E-02   1.6771454261E-01  -4.8012682824E-02   1.2186594975E-02
    3     -4.5709932517E-02   6.7687475153E-03  -4.8012682824E-02   4.0028828199E-02  -5.5310360777E-03
    4      6.7597084695E-03  -1.9599593013E-02   1.2186594975E-02  -5.5310360777E-03   1.5315439657E-02
    5     -4.8003127519E-02   1.2197114163E-02  -9.4632522090E-02   5.4520455442E-02  -1.4321795353E-02
    6     -1.6997021407E-02  -5.0817059260E-03   1.6581676344E-03   4.1708856023E-03   2.7694110757E-03
    7     -5.0081094867E-03  -1.0151582810E-01   4.5810570044E-02  -7.6209691227E-04   1.2422885313E-03
    8      1.6220428635E-03   4.5649514139E-02  -4.1983527910E-02  -1.2110124280E-03   6.6261025888E-03
    9     -5.0578909528E-02  -4.5916025149E-02  -2.2387315808E-02   1.5102187153E-03  -4.0011231190E-03
   10     -4.5998794132E-02  -7.8802960857E-02  -2.8651591320E-02  -4.7257487374E-04   3.0418648252E-03
   11     -2.2315684173E-02  -2.8516171419E-02  -3.1098492613E-02  -5.3156817674E-03  -4.4905167037E-03
                    5                  6                  7                  8                  9        
    0     -4.8003127519E-02  -1.6997021407E-02  -5.0081094867E-03   1.6220428635E-03  -5.0578909528E-02
    1      1.2197114163E-02  -5.0817059260E-03  -1.0151582810E-01   4.5649514139E-02  -4.5916025149E-02
    2     -9.4632522090E-02   1.6581676344E-03   4.5810570044E-02  -4.1983527910E-02  -2.2387315808E-02
    3      5.4520455442E-02   4.1708856023E-03  -7.6209691227E-04  -1.2110124280E-03   1.5102187153E-03
    4     -1.4321795353E-02   2.7694110757E-03   1.2422885313E-03   6.6261025888E-03  -4.0011231190E-03
    5      9.4960083727E-02  -3.3974019892E-03   1.4002426392E-03  -5.9466658332E-04  -3.1010043555E-03
    6     -3.3974019892E-03   9.1106671750E-03   6.9871116662E-03   9.5803500406E-04   3.7154686300E-03
    7      1.4002426392E-03   6.9871116662E-03   1.0327044074E-01  -5.0476785683E-02  -1.2219406329E-03
    8     -5.9466658332E-04   9.5803500406E-04  -5.0476785683E-02   3.8301698635E-02  -1.3663382784E-03
    9     -3.1010043555E-03   3.7154686300E-03  -1.2219406329E-03  -1.3663382784E-03   4.5353222183E-02
   10      7.2405304256E-04  -4.6697814501E-03  -2.9969011734E-03  -1.8016349069E-03   5.1140119678E-02
   11      2.6710494592E-04   7.7847218958E-04   3.2687768606E-03   4.2764958586E-03   2.6853776096E-02
                   10                 11        
     0     -4.5998794132E-02  -2.2315684173E-02
     1     -7.8802960857E-02  -2.8516171419E-02
     2     -2.8651591320E-02  -3.1098492613E-02
     3     -4.7257487374E-04  -5.3156817674E-03
     4      3.0418648252E-03  -4.4905167037E-03
     5      7.2405304256E-04   2.6710494592E-04
     6     -4.6697814501E-03   7.7847218958E-04
     7     -2.9969011734E-03   3.2687768606E-03
     8     -1.8016349069E-03   4.2764958586E-03
     9      5.1140119678E-02   2.6853776096E-02
    10      7.8757997206E-02   2.9733542223E-02
    11      2.9733542223E-02   2.6554891808E-02

$vibrational_frequencies
12
    0        0.0000000000000000
    1        0.0000000000000000
    2        0.0000000000000000
    3        0.0000000000000000
    4        0.0000000000000000
    5        0.0000000000000000
    6      683.2002545433292653
    7      759.1416961406908968
    8      766.4584737507777845
    9     1872.0752170274920445
   10     1889.1954026453129245
   11     1893.9558659356875978

$normal_modes
12 12
                    0                  1                  2                  3                  4        
    0      0.0000000000E+00   0.0000000000E+00   0.0000000000E+00   0.0000000000E+00   0.0000000000E+00
    1      0.0000000000E+00   0.0000000000E+00   0.0000000000E+00   0.0000000000E+00   0.0000000000E+00
    2      0.0000000000E+00   0.0000000000E+00   0.0000000000E+00   0.0000000000E+00   0.0000000000E+00
    3      0.0000000000E+00   0.0000000000E+00   0.0000000000E+00   0.0000000000E+00   0.0000000000E+00
    4      0.0000000000E+00   0.0000000000E+00   0.0000000000E+00   0.0000000000E+00   0.0000000000E+00
    5      0.0000000000E+00   0.0000000000E+00   0.0000000000E+00   0.0000000000E+00   0.0000000000E+00
    6      0.0000000000E+00   0.0000000000E+00   0.0000000000E+00   0.0000000000E+00   0.0000000000E+00
    7      0.0000000000E+00   0.0000000000E+00   0.0000000000E+00   0.0000000000E+00   0.0000000000E+00
    8      0.0000000000E+00   0.0000000000E+00   0.0000000000E+00   0.0000000000E+00   0.0000000000E+00
    9      0.0000000000E+00   0.0000000000E+00   0.0000000000E+00   0.0000000000E+00   0.0000000000E+00
   10      0.0000000000E+00   0.0000000000E+00   0.0000000000E+00   0.0000000000E+00   0.0000000000E+00
   11      0.0000000000E+00   0.0000000000E+00   0.0000000000E+00   0.0000000000E+00   0.0000000000E+00
                    5                  6                  7                  8                  9        
    0      0.0000000000E+00  -5.0457566958E-02  -2.2970483669E-02  -1.5253835626E-02  -1.5356438161E-03
    1      0.0000000000E+00   2.1283414974E-02   5.7758923134E-03  -4.1061061490E-02   4.6897759349E-04
    2      0.0000000000E+00   3.4207990689E-02  -3.7458159941E-02   3.0208683200E-03  -2.6199736249E-03
    3      0.0000000000E+00   4.4493894290E-01  -1.4707032376E-02   2.8338849915E-01   3.2492023789E-01
    4      0.0000000000E+00  -1.8743038622E-01   3.6854404566E-03   7.6217847773E-01  -8.1602620147E-02
    5      0.0000000000E+00  -3.0107546068E-01  -2.3260197639E-02  -5.6260841440E-02   5.3087518649E-01
    6      0.0000000000E+00   4.5300440840E-01   4.4027559493E-01   2.5203034339E-01   2.4746286449E-02
    7      0.0000000000E+00  -1.9100535138E-01   2.5814889192E-01   1.2095490251E-01   4.8143637181E-01
    8      0.0000000000E+00  -3.0717752415E-01   4.8796111965E-01   2.9788077036E-01  -2.6293807896E-01
    9      0.0000000000E+00   4.5269759281E-01   1.8930206280E-01  -1.2710634962E-01  -3.0856063005E-01
   10      0.0000000000E+00  -1.9127567395E-01  -4.1644259269E-01   2.1598324786E-01  -4.1238727689E-01
   11      0.0000000000E+00  -3.0742162309E-01   5.3797375212E-01  -3.2248210056E-01  -1.9780602781E-01
                   10                 11        
     0      2.3190973834E-02  -1.5483866489E-02
     1     -5.4532173302E-03  -4.2161679585E-02
     2      3.7613967167E-02   3.4189551814E-03
     3     -4.0107482729E-01  -8.4020326210E-03
     4      1.0084893003E-01  -1.4806043787E-02
     5     -6.5563309129E-01  -3.1389518149E-03
     6      2.8672099440E-02   2.9113467835E-02
     7      3.9045626321E-01   6.2177793618E-01
     8     -2.0045354688E-01  -3.4351545640E-01
     9     -2.4836994675E-01   3.9375849097E-01
    10     -3.4533425078E-01   5.2160592364E-01
    11     -1.5075866154E-01   2.5513630434E-01

#
# The atoms: label  mass x y z (in bohrs)
#
$atoms
4
 Al    26.98200     -0.000812020681     0.000179435029    -0.001705886362
 H      1.00800      1.572758246761    -0.394948242950     2.570189351770
 H      1.00800      0.145464632215     2.670234555992    -1.445585719018
 H      1.00800     -1.696486825396    -2.280089404253    -1.078940710322

$actual_temperature
  0.000000

$frequency_scale_factor
  1.000000

$dipole_derivatives
12
    1.0048011502E+00    4.4957476776E-02    7.7233342892E-02
    4.6080348630E-02    1.0891419266E+00   -3.2435537655E-02
    7.5393109682E-02   -3.1329102846E-02    1.0655433362E+00
   -3.3762601112E-01   -9.5752041043E-03   -3.2476892384E-02
   -9.8070948907E-03   -3.5233662059E-01    1.1420602095E-02
   -3.2843731617E-02    1.1577446461E-02   -3.6626468218E-01
   -3.2878131272E-01   -1.2692777791E-02   -1.8900898366E-02
   -1.1574370203E-02   -3.7228723116E-01    2.2027800135E-02
   -1.9717629724E-02    1.9319509390E-02   -3.5150675256E-01
   -3.3776626061E-01   -2.2631076602E-02   -2.6402777706E-02
   -2.4463741949E-02   -3.6601115810E-01   -1.3332438099E-03
   -2.5355867810E-02    1.5044436675E-03   -3.4837386952E-01

#
# The IR spectrum
#  wavenumber eps Int TX TY TZ
#
$ir_spectrum
12
      0.00   0.00000000   0.00000000     0.000000     0.000000     0.000000
      0.00   0.00000000   0.00000000     0.000000     0.000000     0.000000
      0.00   0.00000000   0.00000000     0.000000     0.000000     0.000000
      0.00   0.00000000   0.00000000     0.000000     0.000000     0.000000
      0.00   0.00000000   0.00000000     0.000000     0.000000     0.000000
      0.00   0.00000000   0.00000000     0.000000     0.000000     0.000000
    683.20   0.06161637 311.38388065    -0.131132     0.055308     0.088824
    759.14   0.04057875 205.06839029    -0.066961     0.016880    -0.109143
    766.46   0.03975363 200.89856128    -0.044304    -0.118939     0.008742
   1872.08   0.00021975   1.11052985    -0.003081     0.000948    -0.005122
   1889.20   0.04816655 243.41399882     0.046480    -0.010955     0.075339
   1893.96   0.04773045 241.21012501    -0.030533    -0.082986     0.006749


$end

