
$orca_hessian_file

$act_atom
  0

$act_coord
  0

$act_energy
        0.000000

$multiplicity
  1

$hessian
12
                    0                  1                  2                  3                  4        
    0      1.1373991938E-01   4.3851573923E-02   7.0381826768E-02  -4.5942086193E-02   6.7857133206E-03
    1      4.3851573923E-02   1.9907201136E-01  -2.9720889970E-02   6.7869326643E-03  -1.9636033177E-02
    2      7.0381826768E-02  -2.9720889970E-02   1.6989550414E-01  -4.8642576020E-02   1.2374712318E-02
    3     -4.5942086193E-02   6.7869326643E-03  -4.8642576020E-02   4.0362921267E-02  -5.6493379558E-03
    4      6.7857133206E-03  -1.9636033177E-02   1.2374712318E-02  -5.6493379558E-03   1.5209286252E-02
    5     -4.8642404507E-02   1.2376659674E-02  -9.5326045066E-02   5.5283218928E-02  -1.4519110521E-02
    6     -1.6888446479E-02  -4.5962868936E-03   1.3223409595E-03   4.1659485802E-03   2.8342313396E-03
    7     -4.5940654607E-03  -1.0120360628E-01   4.6408934685E-02  -6.1839953149E-04   1.2843498729E-03
    8      1.3210935981E-03   4.6409394756E-02  -4.2812598458E-02  -1.2586114535E-03   6.6713970449E-03
    9     -5.0909386705E-02  -4.6042614467E-02  -2.3061209857E-02   1.4132163453E-03  -3.9712404992E-03
   10     -4.6042827010E-02  -7.8232371897E-02  -2.9064399994E-02  -5.1856138215E-04   3.1423970521E-03
   11     -2.3060897711E-02  -2.9063521499E-02  -3.1756860618E-02  -5.3820495885E-03  -4.5281273185E-03
                    5                  6                  7                  8                  9        
    0     -4.8642404507E-02  -1.6888446479E-02  -4.5940654607E-03   1.3210935981E-03  -5.0909386705E-02
    1      1.2376659674E-02  -4.5962868936E-03  -1.0120360628E-01   4.6409394756E-02  -4.6042614467E-02
    2     -9.5326045066E-02   1.3223409595E-03   4.6408934685E-02  -4.2812598458E-02  -2.3061209857E-02
    3      5.5283218928E-02   4.1659485802E-03  -6.1839953149E-04  -1.2586114535E-03   1.4132163453E-03
    4     -1.4519110521E-02   2.8342313396E-03   1.2843498729E-03   6.6713970449E-03  -3.9712404992E-03
    5      9.5900702760E-02  -3.4097978727E-03   1.5768367147E-03  -7.3436263285E-04  -3.2309984138E-03
    6     -3.4097978727E-03   8.9585475628E-03   6.6529657810E-03   1.2772289186E-03   3.7639503357E-03
    7      1.5768367147E-03   6.6529657810E-03   1.0337508328E-01  -5.1305667467E-02  -1.4393974358E-03
    8     -7.3436263285E-04   1.2772289186E-03  -5.1305667467E-02   3.9139050955E-02  -1.3404694048E-03
    9     -3.2309984138E-03   3.7639503357E-03  -1.4393974358E-03  -1.3404694048E-03   4.5732220024E-02
   10      5.6674260964E-04  -4.8920135801E-03  -3.4558268658E-03  -1.7750453311E-03   5.1453327187E-02
   11      1.5970493876E-04   8.1098633631E-04   3.3198170645E-03   4.4079101356E-03   2.7632319319E-02
                   10                 11        
     0     -4.6042827010E-02  -2.3060897711E-02
     1     -7.8232371897E-02  -2.9063521499E-02
     2     -2.9064399994E-02  -3.1756860618E-02
     3     -5.1856138215E-04  -5.3820495885E-03
     4      3.1423970521E-03  -4.5281273185E-03
     5      5.6674260964E-04   1.5970493876E-04
     6     -4.8920135801E-03   8.1098633631E-04
     7     -3.4558268658E-03   3.3198170645E-03
     8     -1.7750453311E-03   4.4079101356E-03
     9      5.1453327187E-02   2.7632319319E-02
    10      7.8545801710E-02   3.0272267234E-02
    11      3.0272267234E-02   2.7189245543E-02

$vibrational_frequencies
12
    0        0.0000000000000000
    1        0.0000000000000000
    2        0.0000000000000000
    3        0.0000000000000000
    4        0.0000000000000000
    5        0.0000000000000000
    6      679.5770166271382777
    7      765.5774442167978577
    8      765.5847470641324435
    9     1884.4387189767544442
   10     1897.3462396768945837
   11     1897.3538973224642632

$normal_modes
12 12
                    0                  1                  2                  3                  4        
    0      0.0000000000E+00   0.0000000000E+00   0.0000000000E+00   0.0000000000E+00   0.0000000000E+00
    1      0.0000000000E+00   0.0000000000E+00   0.0000000000E+00   0.0000000000E+00   0.0000000000E+00
    2      0.0000000000E+00   0.0000000000E+00   0.0000000000E+00   0.0000000000E+00   0.0000000000E+00
    3      0.0000000000E+00   0.0000000000E+00   0.0000000000E+00   0.0000000000E+00   0.0000000000E+00
    4      0.0000000000E+00   0.0000000000E+00   0.0000000000E+00   0.0000000000E+00   0.0000000000E+00
    5      0.0000000000E+00   0.0000000000E+00   0.0000000000E+00   0.0000000000E+00   0.0000000000E+00
    6      0.0000000000E+00   0.0000000000E+00   0.0000000000E+00   0.0000000000E+00   0.0000000000E+00
    7      0.0000000000E+00   0.0000000000E+00   0.0000000000E+00   0.0000000000E+00   0.0000000000E+00
    8      0.0000000000E+00   0.0000000000E+00   0.0000000000E+00   0.0000000000E+00   0.0000000000E+00
    9      0.0000000000E+00   0.0000000000E+00   0.0000000000E+00   0.0000000000E+00   0.0000000000E+00
   10      0.0000000000E+00   0.0000000000E+00   0.0000000000E+00   0.0000000000E+00   0.0000000000E+00
   11      0.0000000000E+00   0.0000000000E+00   0.0000000000E+00   0.0000000000E+00   0.0000000000E+00
                    5                  6                  7                  8                  9        
    0      0.0000000000E+00   5.0460107634E-02  -7.8492527835E-03  -2.6401614444E-02   6.2191760278E-06
    1      0.0000000000E+00  -2.1300899377E-02   3.0724906445E-02  -2.8158888811E-02  -1.0036161301E-05
    2      0.0000000000E+00  -3.4198041342E-02  -3.0711820751E-02  -2.1422655727E-02   1.6684741140E-05
    3      0.0000000000E+00  -4.5027151151E-01  -1.9157245364E-01   2.0953707237E-01   2.9889488274E-01
    4      0.0000000000E+00   1.9000243156E-01  -4.8284042950E-01   5.8983687449E-01  -7.5098679804E-02
    5      0.0000000000E+00   3.0513789716E-01   1.8029911245E-02  -5.8261811577E-02   4.8782589229E-01
    6      0.0000000000E+00  -4.5024212789E-01   1.7828303118E-01   4.7516097997E-01   2.4432205275E-02
    7      0.0000000000E+00   1.9011430220E-01   1.2343651304E-01   2.6269224857E-01   5.0531115869E-01
    8      0.0000000000E+00   3.0508588267E-01   1.8603776459E-01   5.3754146870E-01  -2.7882653878E-01
    9      0.0000000000E+00  -4.5019531315E-01   2.2339709964E-01   2.2016591441E-02  -3.2349356203E-01
   10      0.0000000000E+00   1.9006269779E-01  -4.6303598999E-01  -9.8776010065E-02  -4.2994383236E-01
   11      0.0000000000E+00   3.0518450539E-01   6.1802195463E-01   9.4158931004E-02  -2.0944596828E-01
                   10                 11        
     0     -1.6006008333E-02   2.2927065492E-02
     1     -4.1785187583E-02  -6.5872149288E-03
     2      2.4184347023E-03   3.7934793163E-02
     3      2.0534827016E-03  -4.2260409924E-01
     4     -1.6717137048E-02   1.0588372977E-01
     5      1.3450491677E-02  -6.8953550168E-01
     6      2.4460555016E-02   2.6228791155E-02
     7      6.0827721512E-01   3.7239404197E-01
     8     -3.4294857810E-01  -1.9334975481E-01
     9      4.0193250678E-01  -2.1733310572E-01
    10      5.2693985385E-01  -3.0195214356E-01
    11      2.6476177180E-01  -1.3254786764E-01

#
# The atoms: label  mass x y z (in bohrs)
#
$atoms
4
 Al    26.98200     -0.000002214736     0.000001386045     0.000004547501
 H      1.00800      1.565512911901    -0.393310083110     2.555032436695
 H      1.00800      0.127827488536     2.643725218625    -1.458802859431
 H      1.00800     -1.693281116700    -2.250452236978    -1.096351304129

$actual_temperature
  0.000000

$frequency_scale_factor
  1.000000

$dipole_derivatives
12
    1.0384430143E+00    5.2354624890E-02    8.4021880358E-02
    5.2350855386E-02    1.1403445570E+00   -3.5454172287E-02
    8.3988895221E-02   -3.5487025637E-02    1.1054893464E+00
   -3.4972951583E-01   -8.0231227400E-03   -3.9034588345E-02
   -8.0248749307E-03   -3.5960733620E-01    1.2882120637E-02
   -3.9015481170E-02    1.2898658547E-02   -3.8552944690E-01
   -3.3692853532E-01   -1.3054899570E-02   -1.7104734152E-02
   -1.3037641271E-02   -3.9543738804E-01    2.7831632360E-02
   -1.7075057794E-02    2.7843879036E-02   -3.6245670582E-01
   -3.5192763101E-01   -3.1233355457E-02   -2.7796455369E-02
   -3.1229218878E-02   -3.8534375135E-01   -5.3024351917E-03
   -2.7786783769E-02   -5.3018444217E-03   -3.5760911599E-01

#
# The IR spectrum
#  wavenumber eps Int TX TY TZ
#
$ir_spectrum
12
      0.00   0.00000000   0.00000000     0.000000     0.000000     0.000000
      0.00   0.00000000   0.00000000     0.000000     0.000000     0.000000
      0.00   0.00000000   0.00000000     0.000000     0.000000     0.000000
      0.00   0.00000000   0.00000000     0.000000     0.000000     0.000000
      0.00   0.00000000   0.00000000     0.000000     0.000000     0.000000
      0.00   0.00000000   0.00000000     0.000000     0.000000     0.000000
    679.58   0.06533071 330.15464906     0.135354    -0.057133    -0.091734
    765.58   0.04179984 211.23926095    -0.023204     0.090847    -0.090812
    765.58   0.04180175 211.24893173    -0.078058    -0.083265    -0.063348
   1884.44   0.00000001   0.00005663     0.000014    -0.000022     0.000034
   1897.35   0.05439311 274.88049994    -0.033785    -0.088197     0.005103
   1897.35   0.05439021 274.86581606     0.048388    -0.013905     0.080068


$end

