
$orca_hessian_file

$act_atom
  0

$act_coord
  0

$act_energy
        0.000000

$multiplicity
  1

$hessian
12
                    0                  1                  2                  3                  4        
    0      1.1281363862E-01   4.3122411611E-02   6.9202463623E-02  -4.5482604562E-02   6.6279834065E-03
    1      4.3122411611E-02   1.9671557610E-01  -2.9225357642E-02   6.6274297695E-03  -1.9723573530E-02
    2      6.9202463623E-02  -2.9225357642E-02   1.6803018075E-01  -4.7778277828E-02   1.2165238236E-02
    3     -4.5482604562E-02   6.6274297695E-03  -4.7778277828E-02   3.9801629249E-02  -5.5006830047E-03
    4      6.6279834065E-03  -1.9723573530E-02   1.2165238236E-02  -5.5006830047E-03   1.5195746912E-02
    5     -4.7778179693E-02   1.2162543289E-02  -9.3980644766E-02   5.4333551297E-02  -1.4280556692E-02
    6     -1.6969899809E-02  -4.5377812223E-03   1.2488269217E-03   4.1957875831E-03   2.8349149707E-03
    7     -4.5414009925E-03  -9.9767531354E-02   4.5560684762E-02  -6.5831893320E-04   1.3483471618E-03
    8      1.2496128308E-03   4.5560516353E-02  -4.2446884165E-02  -1.2177857985E-03   6.6429920697E-03
    9     -5.0361134253E-02  -4.5210164274E-02  -2.2672948038E-02   1.4851877295E-03  -3.9619090859E-03
   10     -4.5210889911E-02  -7.7224471218E-02  -2.8498089936E-02  -4.6873411813E-04   3.1794794565E-03
   11     -2.2673961438E-02  -2.8500177419E-02  -3.1602651817E-02  -5.3372047453E-03  -4.5262333611E-03
                    5                  6                  7                  8                  9        
    0     -4.7778179693E-02  -1.6969899809E-02  -4.5414009925E-03   1.2496128308E-03  -5.0361134253E-02
    1      1.2162543289E-02  -4.5377812223E-03  -9.9767531354E-02   4.5560516353E-02  -4.5210164274E-02
    2     -9.3980644766E-02   1.2488269217E-03   4.5560684762E-02  -4.2446884165E-02  -2.2672948038E-02
    3      5.4333551297E-02   4.1957875831E-03  -6.5831893320E-04  -1.2177857985E-03   1.4851877295E-03
    4     -1.4280556692E-02   2.8349149707E-03   1.3483471618E-03   6.6429920697E-03  -3.9619090859E-03
    5      9.4371934661E-02  -3.3948816292E-03   1.4889960189E-03  -6.3604928744E-04  -3.1607728999E-03
    6     -3.3948816292E-03   8.9746087279E-03   6.5739478855E-03   1.3244920088E-03   3.7995034983E-03
    7      1.4889960189E-03   6.5739478855E-03   1.0174148201E-01  -5.0389947377E-02  -1.3757513580E-03
    8     -6.3604928744E-04   1.3244920088E-03  -5.0389947377E-02   3.8653162421E-02  -1.3559179871E-03
    9     -3.1607728999E-03   3.7995034983E-03  -1.3757513580E-03  -1.3559179871E-03   4.5076443026E-02
   10      6.2757713098E-04  -4.8695582356E-03  -3.3222978196E-03  -1.8135512137E-03   5.0548503491E-02
   11      2.4475939252E-04   8.2116164475E-04   3.3402567637E-03   4.4297710314E-03   2.7189821732E-02
                   10                 11        
     0     -4.5210889911E-02  -2.2673961438E-02
     1     -7.7224471218E-02  -2.8500177419E-02
     2     -2.8498089936E-02  -3.1602651817E-02
     3     -4.6873411813E-04  -5.3372047453E-03
     4      3.1794794565E-03  -4.5262333611E-03
     5      6.2757713098E-04   2.4475939252E-04
     6     -4.8695582356E-03   8.2116164475E-04
     7     -3.3222978196E-03   3.3402567637E-03
     8     -1.8135512137E-03   4.4297710314E-03
     9      5.0548503491E-02   2.7189821732E-02
    10      7.7367289581E-02   2.9685109018E-02
    11      2.9685109018E-02   2.6928121393E-02

$vibrational_frequencies
12
    0        0.0000000000000000
    1        0.0000000000000000
    2        0.0000000000000000
    3        0.0000000000000000
    4        0.0000000000000000
    5        0.0000000000000000
    6      680.8627690660621283
    7      766.2734437613077034
    8      766.2770967892008684
    9     1867.4712793146538843
   10     1882.7204240294815918
   11     1882.7227466748067854

$normal_modes
12 12
                    0                  1                  2                  3                  4        
    0      0.0000000000E+00   0.0000000000E+00   0.0000000000E+00   0.0000000000E+00   0.0000000000E+00
    1      0.0000000000E+00   0.0000000000E+00   0.0000000000E+00   0.0000000000E+00   0.0000000000E+00
    2      0.0000000000E+00   0.0000000000E+00   0.0000000000E+00   0.0000000000E+00   0.0000000000E+00
    3      0.0000000000E+00   0.0000000000E+00   0.0000000000E+00   0.0000000000E+00   0.0000000000E+00
    4      0.0000000000E+00   0.0000000000E+00   0.0000000000E+00   0.0000000000E+00   0.0000000000E+00
    5      0.0000000000E+00   0.0000000000E+00   0.0000000000E+00   0.0000000000E+00   0.0000000000E+00
    6      0.0000000000E+00   0.0000000000E+00   0.0000000000E+00   0.0000000000E+00   0.0000000000E+00
    7      0.0000000000E+00   0.0000000000E+00   0.0000000000E+00   0.0000000000E+00   0.0000000000E+00
    8      0.0000000000E+00   0.0000000000E+00   0.0000000000E+00   0.0000000000E+00   0.0000000000E+00
    9      0.0000000000E+00   0.0000000000E+00   0.0000000000E+00   0.0000000000E+00   0.0000000000E+00
   10      0.0000000000E+00   0.0000000000E+00   0.0000000000E+00   0.0000000000E+00   0.0000000000E+00
   11      0.0000000000E+00   0.0000000000E+00   0.0000000000E+00   0.0000000000E+00   0.0000000000E+00
                    5                  6                  7                  8                  9        
    0      0.0000000000E+00   5.0458394923E-02  -1.8950066547E-02   1.9970349414E-02   5.6598738103E-06
    1      0.0000000000E+00  -2.1315785504E-02  -3.9714789555E-02  -1.2531772867E-02  -1.2817764287E-05
    2      0.0000000000E+00  -3.4191292013E-02  -3.1981297357E-03   3.7292234047E-02   1.6411698046E-05
    3      0.0000000000E+00  -4.5017559295E-01   2.7731019951E-01   6.1565212731E-02  -2.9923338235E-01
    4      0.0000000000E+00   1.9025280506E-01   7.5213370690E-01   1.2339822186E-01   7.5175311693E-02
    5      0.0000000000E+00   3.0511178877E-01  -5.9627451579E-02   1.3812314939E-02  -4.8838495902E-01
    6      0.0000000000E+00  -4.5022703787E-01   3.2259927233E-01  -3.9178798573E-01  -2.4404940190E-02
    7      0.0000000000E+00   1.9011694388E-01   1.6550369617E-01  -2.3845389726E-01  -5.0475845610E-01
    8      0.0000000000E+00   3.0511192844E-01   3.7273793670E-01  -4.2966898535E-01   2.7851052124E-01
    9      0.0000000000E+00  -4.5026047615E-01  -9.2656797664E-02  -2.0434068720E-01   3.2348681984E-01
   10      0.0000000000E+00   1.9020815233E-01   1.4544241020E-01   4.5050438125E-01   4.2992624849E-01
   11      0.0000000000E+00   3.0500390292E-01  -2.2750340524E-01  -5.8237652309E-01   2.0943513180E-01
                   10                 11        
     0     -1.5678591024E-02  -2.3171678280E-02
     1     -4.1900896289E-02   5.9788677237E-03
     2      2.9746817146E-03  -3.7916988937E-02
     3     -3.8291627933E-03   4.2232808576E-01
     4     -1.4784538783E-02  -1.0604863845E-01
     5      3.5572994562E-03   6.8925671483E-01
     6      2.4993354146E-02  -2.5645092727E-02
     7      6.1397709950E-01  -3.6375894714E-01
     8     -3.4570356264E-01   1.8882146652E-01
     9      3.9851809338E-01   2.2357318092E-01
    10      5.2240464530E-01   3.0976610849E-01
    11      2.6252040800E-01   1.3687836181E-01

#
# The atoms: label  mass x y z (in bohrs)
#
$atoms
4
 Al    26.98200      0.000000524891     0.000000018501     0.000000731062
 H      1.00800      1.561918119739    -0.392398369083     2.549237672972
 H      1.00800      0.127520338662     2.637727028748    -1.455440795135
 H      1.00800     -1.689452508615    -2.245329154910    -1.093816446789

$actual_temperature
  0.000000

$frequency_scale_factor
  1.000000

$dipole_derivatives
12
    9.7661772444E-01    5.4011872527E-02    8.6690962005E-02
    5.4055789893E-02    1.0817210446E+00   -3.6618370054E-02
    8.6687155051E-02   -3.6614663798E-02    1.0457739186E+00
   -3.2849529036E-01   -1.0043135463E-02   -3.8267048497E-02
   -9.8843272039E-03   -3.4323200885E-01    1.3061633860E-02
   -3.8274565387E-02    1.3127427872E-02   -3.6296155798E-01
   -3.1774418536E-01   -1.4263014828E-02   -1.9531035761E-02
   -1.4142233947E-02   -3.7364888818E-01    2.5696993474E-02
   -1.9696654762E-02    2.5777967399E-02   -3.4343402586E-01
   -3.3036199313E-01   -2.9697864069E-02   -2.8758532126E-02
   -2.9576954392E-02   -3.6509609255E-01   -2.4082768013E-03
   -2.8757550411E-02   -2.2714734026E-03   -3.3933777782E-01

#
# The IR spectrum
#  wavenumber eps Int TX TY TZ
#
$ir_spectrum
12
      0.00   0.00000000   0.00000000     0.000000     0.000000     0.000000
      0.00   0.00000000   0.00000000     0.000000     0.000000     0.000000
      0.00   0.00000000   0.00000000     0.000000     0.000000     0.000000
      0.00   0.00000000   0.00000000     0.000000     0.000000     0.000000
      0.00   0.00000000   0.00000000     0.000000     0.000000     0.000000
      0.00   0.00000000   0.00000000     0.000000     0.000000     0.000000
    680.86   0.05685540 287.32387116     0.126138    -0.053295    -0.085485
    766.27   0.03821067 193.10108879    -0.053535    -0.112309    -0.009051
    766.28   0.03820330 193.06382808     0.056484    -0.035445     0.105410
   1867.47   0.00000001   0.00004767     0.000010    -0.000025     0.000029
   1882.72   0.04858225 245.51478984    -0.031350    -0.083872     0.005933
   1882.72   0.04857376 245.47186419    -0.046376     0.011968    -0.075876


$end

